8301
10958
13360
15761
18134
20441
22827
25197
27582
29951
32324
34689
37067
39410
41794
44090
46389
48750
51122
53516
55861
58305
61340
63727
66039
68425
70798
73163
75469
77771
80167
82535
84923
87317
89676
92062
94401
96767
99145
101520
103896
106261
108632
110975
113347
115707
118080
120449
122802
125099
127478
129856
132233
134653
136955
139345
141715
144090
146459
148839
151216
153621
155990
158367
161662
164298
166673
169035
171402
173786
176078
178445
180742
183111
185498
187841
190198
192563
194934
197297
199599
201970
204303
206669
209033
211335
213641
216025
218337
220710
223086
225444
227822
230192
232579
234915
237307
239697
242071
244396
246768
249065
251471
253848
256213
258579
261474
263861
266217
268598
271000
273310
275701
278089
280452
282758
285175
287544
289919
292295
294703
297070
299454
301824
304352
306930
309306
311691
314064
316434
318811
321180
323591
325894
328206
330606
332903
335280
337667
340048
342348
344731
347409
349800
352179
354556
356934
359800
362897
365307
367693
369991
372363
374746
377131
379437
381815
384191
386565
388944
391336
393715
396077
398452
400836
403191
405570
407905
410283
412672
415043
417448
419829
422172
424510
426809
429119
431497
433873
436236
438617
441007
443384
445754
448122
450921
453224
455604
457980
460900
463290
465668
468072
470904
473308
477288
479601
481985
484308
486694
489041
491398
493750
496133
498475
500856
503239
505628
507991
510369
512743
515131
517490
519852
522229
524587
526958
529347
531725
534116
536438
538800
541191
543604
545945
548317
550819
553189
555564
557943
561135
563847
566235
568634
571014
573402
575774
578151
580504
582839
585208
587513
589887
592275
594657
597037
599403
601742
604080
606431
608807
611202
613564
615933
618234
620629
623000
625368
627694
630002
632295
634670
637057
639448
641826
644131
646499
649036
651401
653787
656080
658465
661351
663708
666005
668383
670887
673253
675609
677986
680367
682744
685053
687381
689763
692084
694386
696770
699100
701469
703767
706124
708995
711368
713664
716025
718421
720790
723149
725512
727885
730262
732640
734938
737329
739692
742056
744427
746759
749138
751519
753879
756188
758823
762153
764549
766918
769298
771677
774059
776368
778745
781117
783500
785801
788098
790815
793193
795566
797930
800305
802695
805078
807442
809833
812208
814594
816974
819282
821659
824032
826811
829186
831561
833947
836333
838706
841098
843483
845866
848247
850889
853188
855572
857960
860758
863130
865508
867815
870892
873283
875643
878009
880406
882773
885134
887431
889796
892212
894571
896949
899335
901715
904090
906388
909043
911348
913647
916041
918429
920779
923174
925557
927952
930357
932742
935122
937526
939915
942303
944686
947014
949349
951759
954127
956524
959237
962521
964912
967265
969661
972052
974438
976846
979224
981561
983959
986293
989056
991376
993760
996147
998531
924
3319
5661
8059
10437
12824
15226
17629
20017
22340
24665
29973
32452
34906
37466
39919
42316
44697
47088
49479
51869
54260
56586
58913
61748
64165
66580
68983
71386
73785
76178
78621
81031
83432
85749
88164
90535
92902
95226
97634
100039
102456
104851
107263
109638
112028
114416
116827
119233
121608
124003
126429
128834
131233
133630
135998
138387
140815
143230
145583
148002
150357
152756
155144
157543
160439
163510
165903
168290
170687
173071
175484
177886
180323
182687
185107
187504
189843
192223
194563
196968
199375
201754
204171
206602
208961
211350
213679
216052
218481
220863
223283
225604
227994
230409
232816
235214
237620
240016
242436
244837
247241
249648
252044
254473
256813
259256
262174
264521
266843
269212
271616
274029
276405
278881
281285
283685
286112
288480
290843
293233
295545
297940
300320
302717
305128
307554
309974
312387
314798
317135
319559
321962
324375
326780
329194
331592
333972
336370
338788
341211
343632
346045
348397
350811
353254
355614
358031
361182
364057
366463
368888
371622
374039
376448
378900
381267
383670
386091
388484
390867
393206
395575
397959
400366
402780
405193
407565
409910
412254
414615
417027
419410
421789
424127
426545
428930
431291
433716
436133
438557
440937
443363
445772
448130
450613
453044
455452
457833
460797
463206
465623
468016
470424
472808
475222
477638
479987
482391
484803
487208
489610
492013
494433
496839
499249
501661
504093
506497
508958
511375
513809
516217
518635
521059
523440
525852
528277
530628
533048
535471
537882
540281
542697
545133
547541
550056
552494
554915
557255
560195
563295
565714
568211
570638
573064
575517
577922
580370
582865
585294
587725
590184
592617
595036
597441
599933
602370
604803
607739
610828
613441
616838
620220
623738
626820
629862
632929
635951
639037
641963
644901
647964
651035
654078
657099
660470
663565
666621
669816
673314
676435
679559
682579
685611
688809
691240
693679
696701
699162
701544
704442
706908
709274
712144
714534
716983
719977
722613
725056
727950
730383
732838
735944
738358
741850
744258
746710
749145
751584
753998
756429
758930
761324
763759
766231
768611
771091
774531
777059
779501
781973
784424
786852
789239
791714
794142
796503
798998
801455
803838
806255
808671
811121
813548
815991
818357
820841
823305
826196
828696
831159
833600
836035
838466
840952
843348
845743
848234
850672
853101
855554
858011
860455
862893
865378
867795
870426
873921
877327
880781
884058
887154
890232
893731
896822
899866
902940
905972
909106
911988
914408
916864
919760
922202
924648
927528
929993
932441
935367
937839
940231
943008
945523
947972
950778
953305
955759
958421
961114
963551
966070
968842
971757
974545
977144
979565
982119
986219
988685
991844
994737
998193
646
3072
5519
8009
10435
12839
15313
17695
20073
22553
24967
27407
29762
32227
34677
37020
39431
41788
44228
46685
49094
51427
53827
56310
58715
61124
63568
65975
68312
70652
73474
75848
78262
80607
82941
85348
87718
90112
92525
94940
97351
99728
102150
104480
106899
109242
111660
114057
116389
118798
121208
123641
126063
128503
130945
133399
135835
138300
140699
143194
145654
148097
150466
152919
155398
157888
160338
162794
165240
167714
170164
173482
176220
178649
181065
183507
185949
188400
190751
193130
195551
198008
200419
202835
205258
207696
210125
212546
214953
217370
219728
222138
224481
226896
229238
231643
234041
236414
238841
241251
243640
246043
248460
250881
253279
255687
258113
260456
262855
265260
267680
270071
272997
275425
277873
280909
284125
286633
289051
291460
293861
296265
298610
301559
304863
307695
310139
312540
314940
317337
319748
322159
324566
326964
329389
332691
335997
338472
340834
343213
345615
348009
350419
352826
355235
357652
359988
362381
364788
367186
369585
371996
374388
376727
379129
381538
383960
386597
389116
391510
393933
396321
398783
401178
403579
406016
408428
410854
413186
415585
417984
420383
422808
425230
427668
430140
432588
435042
437473
439919
442331
444777
447231
449672
452086
454565
457028
459462
461934
464355
466780
469135
471575
474003
476437
478897
481302
483708
486093
488488
490822
493216
495609
498009
500435
502877
505284
507645
510089
512501
514901
517291
519691
522092
524505
526938
529323
531710
534124
536490
538897
541288
543685
546087
548468
550897
553285
555695
558128
560540
562938
565342
567777
570177
572542
574957
577377
579769
582211
584701
587107
589501
591896
594316
596654
599076
601479
603870
606319
608724
611126
613540
615931
618326
620667
623094
625514
627934
630345
632755
635161
637564
640608
643421
645890
648882
651602
654048
656441
658839
661211
663607
666007
668359
670807
673196
675588
678015
680414
682833
685232
687642
690032
692439
694854
697259
699665
702101
704519
706860
709260
711656
714073
716400
718827
721224
723609
725976
728382
730729
733095
735508
737910
740296
742751
745133
747534
749969
752367
754769
757178
759569
761951
764288
766718
769115
771525
773912
776338
778750
781173
783613
786060
788484
790957
793396
795849
798336
800798
803227
805686
808178
810649
813099
815542
818005
820470
823376
826396
828910
831393
833824
836279
838774
841224
843702
846155
848617
851084
853538
855979
858431
860876
863354
865828
868257
870740
873196
875653
878165
880620
883009
885458
887903
890328
892764
895682
898693
901113
903536
905956
908358
910749
913107
915526
917954
920363
922720
925121
927525
929901
932306
934692
937080
939524
941989
944394
946822
949230
951654
954061
956487
958941
961356
963803
966255
968693
971100
973533
975942
978357
980759
983152
985574
987982
990429
992793
995180
997595
999970
2389
4832
7281
9715
12226
14788
17209
19624
22059
24498
26921
29324
31738
34151
36566
38994
41399
43798
46235
48658
51021
53449
55869
58277
60712
63119
65476
67887
70269
72684
75079
77512
79911
82308
84721
87122
89539
91959
94392
96813
99216
101683
104112
106563
109016
111463
113856
116269
118744
121184
123627
126080
128549
131000
133427
135854
138293
140741
143188
145624
148048
150545
152929
155360
157830
160259
162695
165103
167508
169925
172315
174761
177157
179565
182013
184449
186792
189190
191544
193960
196373
198794
201199
203607
206007
208427
210834
213234
215653
217987
220406
222824
225232
227660
230062
232411
234849
237245
239664
242060
244481
246946
249353
251775
254175
256514
258902
261330
263678
266083
268510
270924
273327
275747
278138
280558
282966
285380
287801
290200
292621
295028
297392
299799
302207
304621
307023
309431
311855
314279
316694
319088
321508
323935
326350
328774
331243
333669
336074
338512
340950
343375
345815
348234
350684
353127
355559
358008
360432
362861
365285
367715
370142
372570
374999
377406
379778
382210
384656
387089
389528
391956
394320
396752
399150
401904
404399
406840
409197
411639
414048
416576
419011
421390
423834
426260
428674
431094
433504
435941
438416
440868
443312
445783
448269
450697
453186
455681
458155
460633
463103
465581
468065
470551
473030
475510
477997
480578
483060
485569
488060
490523
493021
495528
498014
500498
502985
505486
507951
510444
512907
515403
517898
520352
522834
525304
527787
530239
532714
535195
537654
540110
542562
545036
547466
549854
552280
554675
557106
559521
561990
564422
566888
569334
571767
574191
576647
579073
581510
583971
586354
588836
591284
593774
596229
598743
601197
603743
606191
608728
611197
613715
616138
618612
621105
623629
626139
628682
631216
633761
636205
638704
641175
643699
646183
648713
651246
653758
656253
658783
661273
663791
666254
668763
671224
673741
676184
678701
681132
683640
686061
688501
690941
693364
695780
698192
700641
703028
705464
707957
710378
712804
715233
717688
720071
722529
724949
727317
729733
732182
734628
737049
739497
741981
744379
746828
749243
751680
754031
756405
758866
761299
763712
766142
768591
771025
773465
775871
778298
780743
783161
785624
788075
790613
793144
795640
798166
800726
803218
805748
808236
810772
813247
815774
818237
820780
823240
825773
828217
830736
833232
835762
838257
840796
843304
845844
848328
850857
853351
855900
858393
860912
863388
865883
868308
870799
873247
875738
878193
880701
883129
885617
888085
890511
892973
895389
897791
900200
902609
905033
907483
909895
912280
914717
917139
919547
921984
924386
926838
929204
931590
933984
936427
938897
941313
943701
946105
948549
951000
953386
955828
958223
960612
963012
965469
967913
970309
972763
975172
977583
979992
982430
985135
987637
990051
992436
994886
997257
999734
2157
4573
6959
9376
11771
14196
16585
18968
21421
23793
26200
28651
30989
33453
35896
38325
40792
43276
45719
48226
50790
53357
55935
58486
61092
63686
66288
68894
71415
73985
76569
79153
81663
84226
86806
89345
91900
94439
97004
99531
102076
104565
107092
109645
112176
114675
117138
119666
122155
124611
127080
129527
132000
134438
136901
139247
141783
144131
146549
148986
151403
153846
156255
158677
161054
163513
165980
168405
170840
173253
175688
178101
180541
182979
185334
187774
190188
192632
195051
197465
199905
202233
204671
207141
209602
212113
214494
216997
219411
221847
224221
226621
229033
231415
233848
236180
239060
241415
243825
246231
248686
251070
253498
255935
258348
260724
263133
265557
267993
270422
272857
275267
277706
280113
282518
284949
287382
289793
292216
294650
297041
299470
301909
304310
306716
309113
311562
313994
316395
318852
321280
323753
326202
328686
331128
333726
336206
338675
341109
343591
346057
348525
351005
353471
355943
358418
360900
363337
365729
368179
370664
373132
375614
378086
380534
383026
385473
388018
390484
393015
395473
398036
400505
403057
405430
407911
410329
412725
415119
417555
419987
422380
424836
427243
429656
432023
434473
436937
439717
442304
444770
447188
449645
452040
454483
456936
459356
461841
464285
466760
469179
471651
474077
476507
479040
481468
483943
486330
488791
491198
493663
496073
498527
500984
503383
505833
508249
510763
513168
515624
518023
520471
522927
525332
527804
530218
532675
535094
537546
540013
542400
544849
547264
549735
552188
554697
557187
559708
562228
564779
567302
569835
572331
574989
577529
580140
582670
585245
587834
590343
592896
595390
597957
600451
603003
605500
608105
610593
613130
615606
618157
620708
623194
625757
628260
630917
633443
636078
638585
641192
643744
646335
648973
651617
654270
656913
659456
662122
664721
667360
669979
672583
675196
677851
680401
683032
685549
688148
690656
693253
695811
698333
700911
703420
705982
708496
711058
713557
716093
718609
721163
723703
726220
728755
731198
733726
736146
738623
741112
743524
746008
748418
750899
753322
755806
758239
760717
763131
765619
768091
770523
773012
775518
778018
780454
782941
785358
787850
790289
792775
795172
797647
800069
802541
804997
807462
809940
812344
814903
817339
819821
822248
824737
827179
829696
832197
834808
837349
839940
842465
845066
847613
850209
852784
855286
857874
860375
863017
865523
868106
870609
873187
875777
878274
880875
883376
885954
888441
891020
893528
896097
898593
901146
903671
906228
908780
911228
913718
916118
918607
921096
923499
925999
928404
930896
933320
935794
938206
940741
943254
945931
948455
951175
953800
956331
958934
961485
964099
966637
969238
971875
974386
977039
979568
982197
984814
987343
989951
992491
995098
997635
254
2890
5505
8189
10796
13366
15991
18571
21186
23835
26380
29048
31614
34265
36896
39465
42136
44757
47435
50121
52669
55339
57974
60562
63198
65875
68449
71051
73601
76195
78783
81282
83851
86343
88911
91399
93979
96461
99046
101497
104096
106572
109115
111537
114063
116474
118995
121431
123950
126368
128888
131299
133831
136253
138770
141192
143707
146138
148655
151165
153696
156109
158631
161127
163534
166053
168510
171043
173463
175985
178413
180948
183391
185941
188361
190894
193309
195847
198276
200798
203211
205737
208163
210708
213115
215659
218197
220736
223153
225681
228213
230721
233141
235659
238178
240703
243115
245644
248169
250697
253117
255647
258209
260767
263238
265823
268318
270896
273421
275990
278495
281076
283582
286166
288770
291247
293880
296356
298964
301441
304065
306530
309136
311622
314190
316775
319243
321827
324301
326883
329361
331916
334326
336866
339281
341805
344231
346774
349216
351741
354168
356701
359104
361665
364177
366714
369139
371669
374168
376703
379117
381642
384143
386541
389052
391477
393992
396388
398897
401322
403831
406241
408743
411175
413678
416082
418592
421124
423557
426085
428508
431066
433542
436096
438568
441112
443955
446525
449093
451583
454127
456573
459114
461572
464133
466602
469139
471609
474145
476602
479149
481660
484232
486812
489304
491888
494382
496959
499428
502020
504499
507071
509552
512133
514626
517208
519742
522296
524904
527432
530060
532651
535277
537936
540469
543088
545609
548235
550874
553449
556042
558594
561183
563836
566365
568991
571503
574109
576624
579246
581864
584428
587047
589581
592207
594883
597388
600028
602560
605204
607908
610411
613027
615533
618123
620574
623167
625820
628386
631025
633571
636159
638786
641325
643987
646548
649196
651816
654332
657011
659630
662318
665012
667588
670262
672971
675667
678472
681314
684130
686865
689715
692493
695319
698085
700810
703510
706301
709030
711801
714523
717281
719974
722616
725327
728112
730769
733530
736220
738974
741632
744425
747093
749665
752285
754968
757525
760252
762897
765485
768104
770695
773376
776105
778647
781310
783985
786565
789293
792021
794590
797264
799952
802535
805209
807953
810579
813394
816198
819043
821763
824644
827474
830363
833184
836052
838755
841630
844438
847357
850212
853125
855836
858724
861534
864475
867297
870171
873014
875725
878539
881443
884322
887298
890212
893166
896039
898834
901754
904723
907640
910709
913661
916748
919640
922605
925533
928546
931461
934439
937306
940268
943149
945880
948687
951658
954524
957490
960374
963229
966114
968763
971554
974415
977222
980192
983012
985647
988345
991037
993589
996312
999062
1632
4265
7008
9602
12287
15023
17579
20299
22971
25506
28214
30934
33492
36174
38897
41469
44189
46997
49654
52521
55291
58136
60794
63675
66475
69348
72203
75063
77758
80616
83433
86285
89089
91775
94621
97465
100343
103169
106048
108745
111677
114594
117554
120491
123405
126284
129155
131942
134642
137514
140553
143473
146394
149376
152272
155168
158021
160721
163571
166373
169144
171752
174524
177249
179980
182596
185339
188067
190642
193378
196108
198680
201371
204023
206467
209125
211622
214274
216937
219414
222102
224562
227201
229879
232442
235091
237535
240170
242804
245334
247977
250439
253067
255591
258282
261111
263719
266539
269334
272174
274965
277621
280443
283308
286121
288855
291736
294695
297605
300564
303535
306436
309285
312223
315112
317896
320754
323744
326655
329488
332416
335276
338222
341118
343792
346637
349495
352503
355401
358568
361563
364658
367611
370697
373609
376664
379462
382465
385277
388280
391124
393992
396840
399873
402701
405723
408559
411612
414442
417425
420287
423325
426193
429224
432097
434993
437879
441060
444006
447243
450233
453507
456515
459671
462648
465837
468858
472046
475092
478317
481361
484489
487542
490648
493741
496873
499870
502951
505927
509010
511991
515086
518088
521309
524376
527622
530721
534018
537122
540390
543452
546724
549808
553069
556142
559418
562506
565741
568834
572064
575199
578443
581528
584736
587757
591025
594041
597183
600243
603327
606344
609425
612468
615542
618537
621612
624603
627693
630674
633792
636734
639858
642744
645825
648672
651652
654447
657504
660401
663605
666619
669898
672903
676160
679173
682431
685440
688701
691713
694972
697977
701172
704176
707392
710395
713558
716563
719722
722722
725884
728899
732016
734977
738127
741151
744258
747264
750381
753371
756453
759431
762565
765562
768697
771643
774735
777629
780769
783753
786788
789781
792856
795841
798772
801667
804596
807526
810502
813479
816417
819316
822261
825212
828216
831176
834129
836966
840087
843317
846536
849760
852979
856216
859506
862763
865994
869232
872480
875764
879083
882379
885568
888807
891972
895268
898443
901719
904851
908023
911099
914330
917346
920534
923668
926933
929981
933165
936205
939460
942509
945718
948528
951729
954839
957954
961025
964102
967069
970105
973045
976125
979051
982078
984985
988074
990998
994003
996932
999941
2894
5969
8880
11945
14912
18164
21336
24375
27497
30577
33716
36856
39984
43052
46224
49346
52539
55672
58891
61944
65017
68032
71114
74132
77189
80283
83353
86454
89586
92756
95923
99100
102215
105387
108585
111756
114947
118075
121293
124467
127745
130858
134060
137114
140347
143445
146700
149790
153035
156178
159472
162585
165902
168982
172128
175097
178201
181329
184496
187620
190743
193813
196988
200182
203519
206756
210086
213349
216668
219931
223250
226508
229859
233174
236466
239804
243364
246674
250150
253453
256820
260201
263688
267076
270588
273989
277450
280884
284354
287813
291214
294606
298018
301404
304731
307973
311203
314486
317697
320947
324128
327304
330437
333554
336728
339881
343002
346206
349362
352547
355769
359045
362186
365427
368660
371921
375214
378515
381833
385141
388418
391713
394907
398201
401461
404958
408418
411992
415487
419132
422606
426257
429821
433463
436982
440736
444332
448044
451634
455312
458883
462647
466087
469763
473192
476812
480259
483848
487211
490702
494157
497674
501241
504795
508325
511867
515356
518843
522333
525758
529336
532928
536698
540364
544146
547834
551579
555263
559042
562633
566359
569916
573602
577238
580917
584470
588051
591529
595038
598505
602151
605582
609151
612659
616226
619756
623234
626608
630049
633329
636855
640243
643812
647230
650735
654200
657677
661080
664674
668136
671575
675129
678756
682284
685946
689370
692977
696486
700147
703670
707251
710769
714396
718002
721623
725475
729301
733201
737006
740771
744492
748260
752027
755681
759442
763091
766819
770476
774289
777945
781777
785562
789315
793115
797129
800998
804899
808690
812604
816527
820428
824287
828199
832042
835903
839702
843469
847322
851004
854983
858873
862904
867110
871033
875089
879101
883085
887103
891105
895055
899075
903184
907014
911049
914907
918829
922746
926614
930475
934186
938000
941652
945413
948984
952648
956332
960152
963838
967790
971482
975364
979228
983302
987162
991107
994944
998904
2834
7061
11117
15217
19434
23695
27997
32389
36657
40987
45422
49699
54069
58253
62469
66833
71093
75427
79544
83604
87614
91503
95348
99241
103017
106841
110496
114345
118014
121886
125668
129762
133664
137737
141659
145828
149919
154059
158036
162162
165919
170053
173901
178065
181905
186069
190128
194406
198695
203185
207761
212303
216931
221415
225876
230304
234898
239251
243293
247641
251810
256082
259968
264158
268044
272185
275991
280118
283860
287905
291793
295971
300097
304579
308969
313492
317943
322387
326806
331275
335670
340111
344496
348886
353446
358029
362600
367113
371645
376136
380682
385213
389782
394391
399056
403740
408349
413094
417725
422539
427224
431994
436641
441435
446098
450838
455480
460142
464764
469450
474081
478789
483476
488169
492911
497605
502450
507211
512067
516956
521883
526936
532109
537298
542420
547629
552842
557943
563195
568376
573654
578799
584114
589215
594252
599085
604001
608915
613831
618635
623544
628350
633200
638258
643301
648437
653425
658507
663488
668528
673472
678419
683355
688281
693183
698179
703120
708042
712937
717808
722650
727538
732479
737409
742278
747184
752115
757061
761940
766786
771592
776466
781555
786465
791557
796465
801647
806700
811861
816887
821994
827076
832177
837163
842330
847555
852759
857988
863130
868467
873581
878808
884026
889202
894253
899360
904348
909370
914360
919432
924477
929570
934615
939682
944676
949697
954678
959820
964930
970148
975412
980785
986095
991552
996933
2415
7733
13220
18654
24067
29434
34845
40163
45518
50831
56133
61492
66846
72160
77432
82620
87860
93087
98486
103974
109468
114963
120480
126000
131531
136963
142381
147672
153051
158308
163692
168979
174350
179582
184924
190259
195567
200883
206194
211588
216983
222384
227657
233052
238331
243758
248998
254391
259706
265157
270439
275914
281217
286583
291899
297238
302599
307855
313110
318390
323662
329000
334461
339746
345266
350715
356358
361883
367356
372882
378552
384137
389636
395154
400683
406170
411726
417327
422855
428286
433725
439230
444637
450294
455851
461308
466895
472612
478189
483776
489369
495037
500654
506180
511736
517415
522798
528403
533767
539400
544716
550285
555597
561180
566637
572285
577873
583526
589094
594734
600116
605740
611219
616847
622382
627980
633472
639149
644554
650105
655686
661284
666833
672574
678069
683665
689196
694665
700194
705870
711358
717077
722607
728175
733630
739267
744812
750519
755958
761494
766976
772445
777953
783397
788895
794383
799852
805374
810860
816385
821947
827548
832995
838603
844041
849840
855366
861030
866570
872306
877781
883492
889064
894960
900486
906218
911754
917670
923099
928885
934392
939999
945621
951265
956657
962292
967827
973675
979093
985002
990487
996219
1792
7640
13144
18918
24369
29995
35561
41261
46995
52845
58450
64375
70114
76179
81869
87936
93970
99964
106031
112195
118249
124292
130464
136538
142651
148744
154608
160685
166513
172342
178381
184245
190021
195950
201822
207922
213639
219585
225429
231336
237124
243279
249427
255625
262009
268149
274311
280284
286190
292237
298095
304449
310481
316652
322638
328879
334915
341152
347318
353311
359578
365569
371940
377899
384068
390252
396483
402595
408947
415302
421562
427672
434147
440323
446728
452876
459325
465661
472237
478528
485261
491370
497947
504310
510724
517061
523678
530039
536901
543669
550217
556520
563203
569449
576147
582560
589202
595630
602108
608789
615228
621570
627867
634383
640705
647093
653695
660325
666755
673247
679582
686049
692428
698853
705196
711642
717995
724428
730799
737245
743601
750039
756181
762423
768715
775309
781455
788104
794504
800980
807428
814069
820302
826737
833221
839550
845905
852452
859000
865554
871985
878604
885247
891979
898687
905188
911835
918581
925390
931812
938506
945157
952059
958734
965567
972144
979088
985805
992688
999168
6196
12698
19385
26323
33289
40166
47007
53766
60873
67692
74504
81247
88067
94927
101586
108372
115376
122092
128574
135669
142678
149730
156432
163831
170575
177829
184700
191876
198963
206323
213307
220616
227513
235229
242429
249862
256963
264538
271646
278836
286531
293606
300889
308074
315616
322676
330134
337482
344562
351711
359022
365995
373137
380093
387330
394433
401713
408965
416384
423915
431544
438680
445808
453216
460631
468020
475134
482286
489504
497102
504593
512069
519356
526514
533900
541083
548590
555836
562895
570204
577435
584909
592124
599436
606820
614277
621380
628842
636267
643779
651129
658621
665664
673243
680801
687823
695455
702363
709851
717011
724775
732430
739757
747098
754781
762372
769827
777365
785091
792326
799602
806976
814429
821931
829406
836836
844464
852315
859987
867681
875566
883203
890509
897829
905548
913226
920372
928001
935367
942894
950235
957765
965231
973351
980462
987723
995567
3103
10801
18122
25830
33357
40922
48668
56282
63706
71478
79411
86993
94647
101942
110052
117656
125294
132866
140272
148103
155555
163464
170899
178605
186335
193749
201195
209039
216694
224009
231614
238995
246894
254422
261635
269246
276819
284280
292252
299701
307561
314862
322462
330163
337920
345252
352965
360740
368164
375969
383177
391291
398811
406803
413920
421983
429691
437418
444575
452514
460199
467711
475258
483062
490623
498472
506067
514001
521568
529508
537000
545024
552096
560061
567846
575759
583404
591466
599619
607139
615670
623353
631422
639199
647796
655288
663570
671014
679585
687316
695457
703688
711986
719838
728088
736763
744708
752947
761071
769254
777657
785820
794041
802214
810516
818621
827490
835571
843648
852059
860770
868956
877340
885721
894207
902369
911013
919256
927730
935718
944570
953708
962088
969858
978325
987298
996160
5127
13742
22091
30741
39924
48210
57442
66258
75108
83577
92199
101087
110469
119074
128346
137317
146583
155004
164326
173578
182968
191939
201120
210101
219661
228952
237830
246682
255623
264640
274221
284031
293568
303151
312746
321631
330767
340064
350057
359322
369447
378675
388123
397219
406725
416201
425880
435685
445404
454895
464311
473359
482745
492095
502041
511648
521449
530940
540922
550717
560368
569746
579554
589537
598998
608910
618644
628050
637789
647269
656869
666446
676484
685893
695830
705350
715606
725051
735054
744731
754467
764226
773444
783311
793353
803184
812410
823457
834511
844850
855895
866384
877162
888287
900642
912741
924337
935978
946842
956641
967316
977080
987017
997147
7805
17091
27422
37113
48004
58659
69713
79913
89998
100389
110783
121377
131400
142542
152493
163623
173890
184686
194795
206373
217033
227036
236999
247433
256952
267152
276496
286798
297700
308315
318537
328740
338874
349263
359731
370705
382010
392963
404007
414884
425821
436517
446898
457241
468510
479539
490101
500444
511428
522489
533256
544336
555047
565520
576438
587046
597600
608150
619417
630964
642096
652508
663277
674178
684851
695761
706504
717219
727806
738386
749618
760272
771350
782421
793336
804332
815471
826329
837284
848273
859729
870492
881555
891695
902678
913608
925143
936387
947753
958887
970266
980819
991549
2733
13761
25085
36397
47800
59284
71080
82615
94042
105340
116407
128162
139793
151055
162370
174434
185630
197489
209209
220224
231911
243513
254552
266546
277630
290393
308628
320347
331428
343151
355327
366805
378984
391005
403488
415816
427680
440239
452159
464071
476509
488864
500790
512413
524550
536979
548767
561212
573509
585852
598048
610046
622258
634886
647248
659655
672030
685075
697352
709582
721755
734350
746999
758364
771155
784513
797095
808645
821632
833215
846018
859023
871047
884766
896950
909273
921715
934830
947463
960451
973076
985548
998681
10713
23337
35764
49591
62069
75039
87913
99856
113217
126210
139287
152297
165292
178780
192119
205514
217449
230147
242536
255615
269761
282966
295614
308748
322659
335416
349570
362523
376027
389289
402178
415356
429107
442536
456070
469063
483294
496961
509802
523514
536486
549965
563660
577434
589866
603549
616668
630452
644647
658486
671691
686110
700271
713485
727458
741578
755408
768797
783031
797629
812582
825856
839796
854888
868390
882088
896667
911117
925852
939682
953843
968058
982097
996729
10407
24899
39544
53406
68037
82256
96964
111979
126531
140999
155103
169482
184100
198235
213166
228580
244206
259959
274858
290306
305671
321096
335924
349949
366223
380467
396111
411679
427067
442710
458994
474566
490729
506129
522702
537376
553701
569502
585012
601467
616674
633043
648734
664909
681881
698507
715799
731831
748719
764637
781983
798339
815923
832884
850597
874100
890992
907151
924040
941824
958994
977647
994755
12731
29585
49235
67178
84671
102829
121230
138119
157021
174874
193613
210495
228776
247316
265758
283906
303445
322998
341479
360902
379699
397588
416512
435877
455472
475487
494574
512849
531329
550486
569445
588489
606622
627194
646669
665024
685426
704379
723367
742621
762306
782455
800577
818798
838715
203218
220749
223170
225502
227827
230250
232647
235044
237456
239809
242137
244553
246923
249372
251702
254042
256375
258697
261108
263435
265848
268183
270532
272941
275283
277641
279995
282405
284742
287168
289503
291894
294219
296557
298905
301244
303586
305930
308251
310608
312948
315270
317666
320001
322335
324681
327039
329385
331737
334075
336413
338744
341079
343457
345891
348234
350649
352997
355341
357687
360118
362458
364793
367205
369555
371896
374301
376715
379053
381453
383800
386142
388545
390898
393226
395570
397907
400238
402659
405069
407412
409760
412173
414498
416839
419189
421599
423968
426383
428719
431057
433389
435730
438068
440417
442828
445209
447595
449923
452273
454676
457036
459369
461769
464116
466478
468808
471142
473485
475830
478181
480516
482857
485263
487616
489960
492370
494691
497026
499369
501701
504115
506464
508796
511128
513475
515883
518296
520711
523055
525465
527802
530140
532479
534810
537158
539517
541855
544211
546571
548991
551326
553670
556095
558438
560800
563214
565574
567976
570322
572665
575075
577507
579905
582254
584666
587003
589373
591719
594122
596479
598832
601559
603912
606260
608612
610955
613290
615639
618042
620397
622750
625076
627489
629849
632178
634523
636927
639272
641635
644082
646459
648805
651150
653560
655977
658383
660812
663171
665516
667875
670223
672567
674968
677367
679775
682179
684625
686974
689402
691825
694170
696526
698876
701215
703633
706057
708400
710816
713237
715650
717991
720335
722682
725100
727453
729797
732138
734542
736952
739357
741705
744060
746473
748874
751275
753632
755977
758379
760727
763139
765490
767838
770188
772523
774872
777218
779597
781954
784310
786655
788983
791308
793715
796062
798391
800740
803106
805449
807792
810129
812462
814804
817133
819468
821807
824140
826543
828925
831383
833713
836069
838472
840801
843226
845627
848025
850426
852765
855102
857431
859841
862173
864570
866899
869237
871571
873929
876281
878675
881026
883363
885709
888036
890378
892721
895132
897467
899873
902219
904619
906952
909289
911611
913934
916269
918600
920993
923325
925664
928063
930411
932748
935153
937489
939820
942156
944540
946932
949346
951669
954068
956464
958815
961148
963481
965806
968142
970540
972880
975216
977625
980028
982373
984717
987056
989395
991730
994134
996473
998799
1142
3484
5880
8227
10623
12977
15323
17712
20054
22396
24788
27125
29528
31929
34334
36662
39061
41386
43810
46210
48628
50957
53365
55696
58089
60492
62825
65146
67492
69885
72286
74685
77042
79448
81841
84187
86563
88961
91305
93663
95994
98388
100731
103074
105462
107860
110204
112618
114967
117339
119764
122147
124504
126865
129276
131708
134055
136418
138760
141112
143511
145904
148262
150625
153059
155418
157761
160122
162542
164974
167329
169676
172048
174437
176878
179295
181641
184056
186420
188773
191239
193584
195940
198298
200720
203087
205431
207779
210139
212501
214860
217241
219652
221993
224361
226798
229128
231481
233914
236336
238685
241089
243476
245821
248185
250613
252990
255416
257781
280189
282579
284936
287368
289725
292083
294450
296819
299178
301619
303990
306357
308785
311155
313580
315924
318292
320635
323047
325471
327918
330278
332697
335116
337483
339838
342237
344696
347140
349514
351922
354283
356718
359061
361410
363772
366197
368626
371044
373481
375858
378271
380619
382963
385317
387673
390040
392409
394770
397145
399498
401915
404285
406653
409004
411369
413723
416083
418438
420847
423205
425566
427917
430341
678939
718275
724966
731541
738100
744668
751242
757841
764439
771034
777638
784236
790831
797423
804024
810611
817253
823859
830454
837050
843642
850232
856826
863422
870011
876600
883168
889758
896347
902937
909531
916138
922770
929373
935962
942544
949128
955694
962258
968829
975429
982023
988620
995217
1814
8417
15003
21617
28226
34832
41436
48036
54642
61241
67838
74435
81031
87618
94220
100815
107409
114000
120613
127213
133807
140404
147005
153598
160204
166790
173356
179923
186553
193158
199755
206363
212966
219619
226232
232840
239440
246046
252640
259244
265854
272447
279057
285661
292246
298839
305432
312024
318648
325247
331833
338432
345022
351617
358207
364797
371389
377993
384590
391181
397820
404423
411020
417622
424235
430833
437420
444014
450611
457205
463797
470387
476983
483575
490174
496766
503364
509957
516605
523200
529799
536391
542987
549583
556172
562770
569352
575939
582528
589125
595732
602335
608951
615574
622202
628818
635432
642051
648667
655290
661913
668532
675152
681764
688380
695021
701636
708251
714872
721509
728126
734740
741361
747981
754596
761206
767827
774442
781055
787675
794293
800905
807517
814185
820804
827417
834028
840639
847255
853843
860408
866975
873541
880105
886669
893220
899783
906342
912910
919484
926040
932599
939157
945713
952286
958845
965387
971954
978516
985083
991663
998230
4811
11388
17977
24564
31149
37730
44305
50889
57460
64041
70625
77197
83779
90367
96945
103522
110142
116735
123315
129895
136470
143052
149630
156207
162789
169363
175932
182534
189105
195684
202258
208831
215411
221991
228571
235146
241721
248290
254870
261450
268032
274613
281192
287773
294342
300923
307522
314115
320709
327302
333899
340482
347081
353664
360256
366834
373418
380010
386604
393202
399797
406394
413033
419618
426208
432796
439377
445966
452555
459145
465727
472316
478908
485486
492075
498661
505251
511871
518466
525060
531652
538246
544826
551416
558005
564598
571199
577785
584373
590964
597585
604192
610828
617445
624067
630680
637294
643911
650529
657149
663763
670381
676994
683614
690228
696835
703465
710129
716757
723369
729977
736603
743215
749821
756437
763048
769661
776261
782856
789439
796026
802609
809225
815810
822409
828999
835590
842173
848744
855312
861875
868447
875015
881601
888186
894783
901376
908009
914610
921223
927821
934440
941035
947638
954247
960854
967453
974066
980758
987361
993939
545
7127
13726
20287
26845
33406
39972
46535
53110
59673
66241
72793
79349
85921
92486
99046
105615
112190
118760
125322
131887
138460
145035
151617
158178
164753
171326
177916
184487
191060
197621
204242
210820
217406
223997
230602
237218
243826
250432
257039
263657
270266
276873
283481
290081
296702
303320
309945
316548
323148
329749
336342
342927
349513
356088
362648
369209
375774
382346
388907
395469
402049
408650
415247
421845
428450
435059
441668
448280
454864
461476
468075
474685
481272
487883
494469
501117
507728
514336
520935
527549
534140
540750
547343
553975
560590
567225
573834
580466
587104
593747
600406
607037
613676
620295
626938
633551
640202
646820
653471
660090
666732
673355
679976
686585
693202
699809
706442
713063
719661
726248
732816
739401
745977
752562
759148
765735
772321
778904
785489
792055
798683
805267
811849
818435
825020
831599
838173
844750
851317
857901
864476
871063
877638
884212
890793
897377
904002
910583
917162
923750
930353
936951
943606
950299
957204
963879
970588
977299
984010
990722
997448
4169
10857
17558
24238
30937
37611
44268
50951
57613
64289
70958
77576
84224
90871
97550
104200
110849
117491
124095
130704
137326
143929
150529
157134
163729
170322
176913
183507
190095
196703
203306
209894
216528
223144
229736
236334
242917
249541
256157
262805
269442
276102
282742
289406
296053
302718
309402
316064
322718
329384
336023
342664
349313
355958
362595
369244
375891
382540
389189
395879
402531
409168
415843
422522
429203
435875
442545
449216
455869
462519
469176
475823
482483
489130
495791
502440
509090
515723
522360
528993
535635
542273
548921
555552
562199
568870
575562
582248
588939
595651
602328
608992
615639
622284
628899
635555
642170
648817
655475
662130
668796
675455
682108
688764
695481
702121
708769
715426
722113
728776
735433
742091
748754
755415
762069
768695
775363
782032
788724
795404
802068
808711
815362
822006
828661
835312
841955
848600
855246
861882
868536
875180
881826
888453
895122
901769
908407
915044
921710
928378
935074
941771
948488
955213
961952
968673
975393
982106
988876
995657
2415
9147
15847
22577
29313
36078
42817
49550
56278
63003
69731
76458
83190
89934
96677
103408
229065
245695
252218
258662
265086
271526
277948
284398
290838
297276
303725
310174
316603
323037
329482
335920
342365
348797
355242
361694
368138
374576
381008
387452
393888
400330
406760
413185
419621
426046
432485
438913
445349
451781
458220
464650
471081
477522
483957
490402
496838
503285
509716
516155
522582
529024
535454
541872
548299
554720
561146
567581
574007
580428
586841
593271
599687
606111
612527
618945
625370
631805
638219
644651
651081
657498
663921
670341
676769
683176
689636
696078
702508
708945
715377
721815
728265
734713
741166
747616
754069
760520
766973
773408
779866
786308
792753
799201
805647
812138
818593
825036
831482
837933
844378
850821
857257
863704
870146
876584
883025
889448
895911
902345
908772
915199
921635
928081
934520
940958
947397
953840
960279
966725
973163
979613
986053
992478
998916
5353
11784
18232
24680
31129
37562
44011
50453
56896
63346
69785
76232
82666
89084
95529
101972
108408
114853
121277
127699
134117
140544
146973
153403
159857
166313
172752
179192
185631
192078
198533
204961
211417
217861
224312
230762
237193
243662
250113
256556
262999
269435
275880
282313
288746
295190
301626
308067
314505
320937
327370
333797
340231
346659
353086
359512
365930
372342
378741
385137
391531
397924
404316
410727
417130
423542
429965
436363
442775
449169
455579
461991
468390
474803
481210
487621
494038
500444
506856
513264
519681
526103
532500
538922
545338
551778
558206
564628
571063
577489
583918
590352
596776
603203
609622
616046
622470
628890
635322
641733
648168
654600
661034
667460
673885
680304
686728
693153
699585
706018
712439
718877
725303
731733
738160
744588
751019
757437
763872
770307
776753
783193
789621
796042
802447
808871
815315
821736
828165
834608
841028
847465
853894
860340
866787
873229
879675
886139
892570
899002
905445
911890
918336
924772
931220
937666
944101
950555
956977
963408
969833
976261
982678
989102
995541
1963
8400
14828
21261
27693
34124
40548
46987
53415
59850
66283
72710
79152
85597
92035
98457
104899
111346
117800
124238
130682
137118
143590
150058
156512
162988
169452
175924
182392
188852
195313
201757
208229
214688
221136
227599
234045
240510
246958
253441
259915
266389
272850
279319
285806
292266
298734
305190
311661
318107
324563
331006
337439
343878
350327
356768
363209
369653
376088
382522
388953
395403
401833
408247
414677
421089
427525
433962
440404
446864
453323
459774
466240
472685
479122
485542
492003
498442
504898
511346
517816
524248
530697
537116
543573
550001
556451
562886
569298
575725
582136
588548
594951
601360
607762
614158
620561
626967
633359
639756
646157
652558
658949
665356
671762
678202
684604
691018
697433
703853
710270
716681
723102
729517
735936
742369
748788
755202
761626
768069
774543
780992
787453
793909
800359
806817
813301
819761
826211
832668
839121
845559
852015
858481
864940
871398
877857
884305
890762
897186
903618
910042
916445
922851
929256
935671
942086
948494
954906
961340
967797
974239
980694
987161
993619
71
6527
12973
19419
25878
32319
38788
45226
51694
58141
64596
71046
77505
83945
90406
96848
103323
109789
116263
122735
129217
135705
142199
148687
155156
161652
168129
174619
181094
187574
194052
200540
207033
213548
220009
226470
232905
239361
245804
252264
258717
265181
271611
278038
284470
290881
297294
303714
310131
316562
322996
329425
335838
342252
348672
355090
361504
367949
374375
380795
387219
393642
400068
406488
412911
419325
425736
432164
438571
445000
451413
457823
464239
470657
477095
483533
490010
496515
503037
509560
516110
522649
529192
535744
542290
548837
555379
561904
568417
574957
581470
587981
594493
600970
607500
613974
620432
626883
633330
639799
646276
652752
659212
665640
672064
678486
684915
691356
697787
704227
710657
717095
723528
729964
736407
742844
749265
755698
762176
768614
775067
781497
787922
794366
800800
807257
813737
820215
826704
833204
839678
846170
852684
859178
865681
872191
878689
885170
891661
898148
904637
911126
917612
924092
930571
937056
943532
950023
956505
962983
969466
975957
982477
988976
995534
2047
8538
15021
21513
28014
34506
40991
47460
53956
60434
66908
73385
79860
86341
92814
99290
105762
112266
118792
125321
131854
138391
144927
151446
157920
164409
170873
177353
183821
190304
196770
203287
209806
216342
222884
229442
235992
242536
249072
255615
262158
268699
275266
281806
288353
294868
301413
307932
314449
321008
327590
334136
340662
347198
353700
360190
366675
373166
379651
386123
392595
399072
405555
412036
418515
424993
431468
437953
444437
450918
457382
463856
470359
476874
483406
489941
496477
503045
509626
516180
522736
529288
535832
542422
548993
555554
562105
568673
575254
581874
588453
595057
601627
608194
614759
621336
627929
634513
641084
647665
654253
660808
667383
673946
680524
687080
693648
700194
706746
713308
719854
726391
732933
739476
746063
752667
759258
765865
772476
779044
785634
792168
798729
805251
811840
818370
824949
831541
838145
844757
851428
858048
864690
871298
877934
884539
891202
897871
904507
911176
917811
924470
931102
937764
944407
951029
957670
964293
970910
977507
984115
990712
997278
3894
10456
17014
23587
30174
36723
43303
49847
56414
62948
69505
76031
82593
89166
95740
102375
108965
115580
122168
128763
135355
141953
148556
155198
161836
168473
175110
181810
188507
195232
201998
208766
215592
222389
229182
235993
242765
249521
256327
263085
269846
276602
283377
290195
296953
303711
310453
317219
323954
330649
337378
344073
350811
357512
364209
370925
377532
384200
390803
397491
404110
410772
417401
424042
430660
437310
443956
450667
457389
464123
470845
477557
484268
490976
497694
504413
511127
517916
524653
531497
538272
545074
551847
558679
565517
572394
579236
586160
593048
599894
606693
613541
620349
627156
633951
640718
647447
654198
660985
667728
674472
681225
687923
694716
701391
708106
714781
721489
728165
734880
741560
748276
754931
761633
768306
775005
781649
788365
795111
801923
808724
815644
822451
829338
836163
843041
849904
856898
863768
870672
877537
884446
891306
898187
905019
911859
918662
925470
932235
939043
945842
952696
959530
966394
973238
980093
986939
993822
674
7566
14450
21368
28256
35206
42185
49241
56261
63312
70336
77396
84417
91427
98433
105359
112329
119255
126181
133119
139962
146860
153621
160410
167215
174099
180955
187939
194794
201739
208600
215533
222377
229280
236094
242990
249794
256743
263688
270630
277591
284584
291599
298593
305589
312579
319530
326509
333454
340318
347288
354244
361108
367852
374640
381389
388133
394873
401528
408238
414943
421646
428308
434967
441769
448492
455247
461964
468777
475496
482255
489034
495835
502623
509404
516224
523013
529792
536549
543319
550087
556811
563570
570350
577131
583879
590663
597406
604194
610947
617836
624696
631667
638594
645402
652348
659299
666333
673276
680402
687567
694680
701822
709045
716239
723582
730889
738248
745578
752999
760371
767790
775201
782620
789930
797259
804459
811690
818895
826094
833284
840607
847876
855256
862591
870043
877369
884804
892185
899720
907096
914480
921885
929345
936729
944178
951572
958958
966341
973731
981019
988293
995556
2834
10223
17560
24916
32239
39628
46956
54358
61640
69060
76433
83902
91320
98742
106182
113546
120971
128351
135777
143153
150618
158086
165535
173037
180587
188018
195658
203018
210818
218378
226318
234252
242216
250259
258172
266143
274048
281953
289814
297833
305792
313913
321951
329956
337960
345980
353932
361939
369892
377833
385650
393597
401414
409303
417047
424913
432620
440447
448158
455990
463796
471602
479452
487350
495198
503009
510882
518757
526571
534304
541980
549836
557690
565532
573387
581246
589097
596942
604849
612846
620698
628797
636756
644998
652951
661113
669052
677143
685236
693344
701368
709616
717706
725987
734262
742531
750809
759092
767305
775552
783759
791968
800223
808518
816733
825044
833230
841673
849975
858357
866690
875015
883228
891563
899844
908097
916331
924605
932785
940866
949080
957176
965381
973561
981624
989806
997990
6224
14337
22529
30664
38871
47134
55372
63770
72134
80524
88896
97341
105778
114341
122953
131561
140166
148777
157383
166043
174693
183359
191973
200542
209148
217715
226343
234829
243348
251915
260485
268996
277593
286112
294759
303290
311832
320422
329031
337647
346296
354904
363531
371997
380566
389022
397594
405997
414557
423132
431924
440599
449309
457893
466568
475254
483884
492548
501208
509827
518447
527122
535690
544220
552900
561424
570040
578704
587540
596255
605138
613882
622715
631418
640305
648951
657744
666439
675181
683977
692789
701635
710330
719076
727830
736582
745472
754233
763061
771827
780616
789399
798256
806981
815927
824558
833566
842246
851209
859938
868958
877861
886831
895786
904784
913540
922641
931590
940751
949597
958996
968038
977278
986285
995281
4318
13313
22309
31267
40316
49468
58454
67654
76636
85833
94889
104031
113232
122296
131592
140828
150117
159418
168796
178132
187576
196806
206248
215375
224755
234058
243443
252774
262174
271541
281002
290488
299922
309363
318907
328366
337701
347272
356614
366057
375422
384964
394393
403932
413372
422960
432422
442013
451396
461064
470544
479950
489485
499175
508714
518190
527794
537166
546710
556200
565735
575269
584743
594391
603981
613503
623257
632901
642369
652012
661541
671178
680691
690336
700025
709546
719238
728850
738580
748364
758355
768048
778028
787676
797808
807608
817301
827233
837141
846795
856692
866536
876502
886380
896495
906346
916624
926453
936670
946691
956794
966775
977016
986744
996879
6914
16981
27124
37368
47250
57467
67420
77729
87845
98009
108019
118112
128313
138453
148674
158843
168977
178966
189243
199313
209191
219571
229591
239749
249888
260366
270503
280769
290936
301505
311485
321954
332251
342518
352911
363338
373677
384215
394658
405230
415526
426109
436387
446974
457276
467859
478072
488663
498795
509193
519489
530015
540188
550494
560815
571130
581332
591712
601947
612049
622562
632854
643247
653681
664314
674901
685487
696105
706542
716964
727691
738259
748874
759249
769905
780316
791008
801205
811913
822352
832801
843256
853450
864018
874192
884594
894965
905461
915744
926220
936481
947096
957511
967827
978001
988535
999335
9738
20324
30994
41717
52376
63069
73455
84359
94894
105508
116290
127042
137725
148430
159186
170321
180896
191633
202297
213628
224245
234917
245676
256571
267245
278135
288852
300062
310993
322039
333006
344064
355115
365941
377241
388110
399355
410273
421390
432529
444001
454945
466177
477448
488434
499687
510880
522299
533394
545013
556054
567590
578583
589663
600820
611902
623203
634245
645264
656636
667929
679617
690688
701967
713392
724754
736117
747385
758911
770588
781912
793588
805138
816536
827904
839544
851201
862521
874020
885663
897377
909147
920890
932749
944597
956617
968701
980637
992679
4572
16524
28577
40484
52466
64526
76370
88596
100776
112784
124783
136783
149173
161077
173269
185358
197497
209270
221669
233878
246178
258086
270534
282799
295199
306933
319147
331465
343726
356125
369056
381547
394403
406320
418564
430996
443591
456097
468745
481234
493474
506000
518456
531222
543761
556409
569229
581700
594380
607041
620290
633098
645967
658707
672049
684704
697400
709895
722826
735634
748367
761449
774512
787291
800424
813461
826519
838969
852101
864984
877868
890401
903574
916768
929986
943053
956439
969242
982332
995421
8952
21653
35082
48201
61236
73901
87316
100346
113562
126803
140347
153227
166334
179399
192859
205723
218842
232243
245785
259361
272882
286417
299714
313611
327379
341272
354983
369098
382152
395639
409139
422974
436195
450163
463850
477506
490696
504989
518900
532667
546780
560354
574850
588189
601562
615421
628687
642813
656810
671099
685322
699047
712945
726549
740558
754150
768377
782407
796990
811651
825534
838904
852272
866436
880023
894595
908831
923818
937793
952090
966155
979923
994394
8432
22831
37571
52178
66112
80182
94903
109498
123666
138041
152560
166952
181384
196150
210334
224633
239022
254537
269207
284162
299208
313412
328329
343070
358419
373580
388271
403712
418246
433284
448584
464193
479828
495810
510615
526462
541465
556926
571941
586968
601960
616879
632461
647896
663537
677886
693031
708795
724906
740892
756695
772032
787441
803601
819969
835499
851410
867043
882937
898378
913643
929332
945229
961300
976436
992493
8769
25342
41627
56913
72833
88403
104733
121350
137238
152821
168988
185277
200978
217172
233599
250142
266864
282773
299242
315667
332639
348694
366268
382417
398969
415840
433184
449740
466552
482485
499472
515901
532643
550065
567616
585185
602667
620579
637073
653272
671191
688692
705625
723288
740737
757878
776436
793627
810635
828543
845934
863367
880386
898620
916159
934309
952858
970992
988691
6260
24175
42391
60623
79678
98335
116506
133392
152348
171837
191013
208990
227453
246488
266146
285326
304885
323749
343470
361579
379979
398652
418089
436368
455901
475615
495172
515533
533907
553396
574079
594218
614247
634572
654553
674802
694189
713065
733674
752814
771995
791609
811844
832798
853730
874218
893960
913569
933700
953912
974598
995610
17265
37834
60109
79306
100440
120389
140335
160365
180334
201369
223822
245354
267506
289893
313957
336098
358051
379566
401915
423662
444774
466058
488280
510770
534818
557917
581620
605485
628515
651559
674079
696984
719746
743019
766072
788469
813986
839005
864894
890131
914078
938474
962793
988002
11994
36613
59406
81498
104646
128872
154365
180197
206512
232251
259829
286683
313110
339149
365323
392240
416469
440791
466752
491593
516497
541269
565845
591952
619216
644274
671414
698964
725569
753257
777641
803482
828230
853281
878688
906143
934107
962502
987597
11713
38781
65085
93425
120169
146325
170389
196035
223160
247859
274589
300664
324420
352043
380416
408219
435552
462317
489549
518046
544980
570815
597143
624764
652072
679722
707214
735072
763686
789858
815506
843898
872524
901138
931535
958642
987500
15453
44589
74716
104024
132648
160683
188880
215265
243940
272245
304500
330290
358257
387332
417061
446250
474313
502550
532695
560857
588517
614909
642371
668683
697517
725026
751836
778975
806601
833398
863050
889804
914907
941758
970141
997317
25359
53576
81249
106931
134391
159377
183501
209202
235937
262557
287170
313355
340367
366970
393019
422400
450157
481712
511777
541494
571147
598857
625850
653180
678563
704563
730532
757797
783782
809407
834424
859580
884738
909893
934597
959293
983530
8072
31029
54792
80396
104241
128809
151771
175532
199298
223539
246496
271139
296484
321854
345959
369275
390933
413895
437947
461636
482904
505318
527346
550973
573875
595898
618755
640805
663234
686496
710642
733512
754817
777353
800686
824458
849081
872904
895940
918927
942762
964122
985977
9837
32809
55675
76109
99347
122576
145402
167834
189305
211194
233542
256203
279708
301180
322229
344880
367584
390227
412065
435126
458574
480486
504043
528820
550735
571804
593691
616377
640633
662496
683203
705082
729323
753306
774348
795398
816804
839378
863168
885308
905827
926733
949255
973824
994784
16182
38421
61462
85300
108704
130493
152304
174074
197861
221183
243734
265079
285621
308042
330423
351512
374162
394858
417069
438885
458355
480123
501101
520922
543849
565695
586723
608523
630023
651026
671285
692357
714193
734873
756314
778224
798930
819635
839885
861660
882258
904874
926303
947353
966840
987460
7682
28231
48017
68937
89047
109554
130015
151190
170862
191347
212209
233079
254273
275131
295239
315325
335421
356352
375639
396102
415809
437058
458251
480191
500637
521453
541130
561948
583963
603192
624304
643531
664599
684903
705898
726084
745087
766309
787155
808353
829998
849616
871068
890660
910984
930191
949767
968997
988939
9625
29964
49509
68709
90197
110143
130819
151869
171404
191666
210431
230322
250912
270747
290596
309712
328797
348631
368447
388269
406970
427154
446213
465247
485355
504716
523695
542640
562305
583100
601691
621392
641094
660048
679709
698692
717656
736624
755986
776033
794628
813639
833650
852251
871146
890036
909649
928546
947804
967107
986399
4979
24633
44279
62840
82458
101334
120969
139519
159471
178358
197606
216112
235678
254829
274348
293171
312718
331884
351760
370895
389652
408426
427543
445986
465158
483604
503115
522580
543180
562314
581437
601312
619392
638525
659485
679041
697155
716630
735404
754615
774550
793376
811885
831434
850628
869800
888232
907424
925890
945067
964220
982656
2143
21291
41119
59903
78961
97670
117432
137216
156977
175322
194006
212665
231658
251416
270735
290053
308291
326187
344098
361998
381005
399673
420729
440030
459319
478597
498560
518150
538070
557597
576772
595966
616232
637177
655989
674442
693631
714216
734177
752294
771468
791358
811656
829424
848927
867370
886536
904272
923095
941185
960659
980396
132
19143
37123
54699
72953
90836
108752
127000
145248
163483
180992
198881
216780
234309
252206
270800
290110
309015
327572
346815
366390
385923
404404
422890
442053
460862
479002
497147
515960
534068
552900
571423
589544
607682
626172
645329
663114
681974
699803
718653
737132
755606
773726
792479
811272
829657
847353
865389
883086
901121
919480
937847
956574
974617
992965
10645
29368
48409
67086
86436
104774
124104
143430
161386
179998
197965
215911
233160
251087
268995
287603
305854
324102
341656
359949
377541
395781
413700
431629
449205
466428
484676
502633
520571
537792
555395
573321
591232
608777
626662
644566
662493
680392
698244
716111
733626
751454
768621
785789
802971
820549
838091
855626
872816
889994
907176
924371
941574
958769
975920
993401
10905
29075
46571
65019
83172
101332
119503
137658
155825
174335
192580
210730
228561
246726
264237
283064
300599
318801
336632
354452
371932
389782
407249
424718
442518
459642
476734
493840
511308
529487
547611
565708
583103
600188
617231
634595
651636
668699
685740
703119
720495
737878
755237
772933
789979
807360
824429
841437
858418
875366
892330
909259
926201
943129
960382
977653
995191
12456
29706
46611
63494
80384
97228
114036
130846
147996
165155
181947
198737
215879
232656
249422
266190
283307
300069
317187
334327
351448
368586
385660
402682
419724
436747
453722
470717
487705
505043
523043
540734
558734
576088
593768
611451
628816
646164
662877
679617
696665
713408
730466
747540
764915
781634
798680
816097
833103
849811
866486
883483
900495
917510
934205
950908
967905
406086
538026
552388
565603
578965
591344
605742
618865
632644
646229
659757
673274
687043
700771
714248
729102
742284
756214
770011
783746
797523
812479
825531
839030
853199
867494
881636
896348
910507
924422
938219
953373
967615
981609
996781
11029
25942
40171
54387
69310
83902
98233
113444
127754
143104
157689
172631
187236
202610
217240
232597
247253
262613
277523
292678
308046
323627
339349
354401
370381
385976
401347
416970
432638
448074
463968
479811
494772
510890
526533
541446
557626
573708
589371
606015
622699
638393
654338
670453
686590
702668
719450
736141
751572
767661
784167
801609
818139
834785
851484
868133
884815
901469
918187
934818
951483
968184
984874
1550
18200
34933
51633
68271
84940
101595
119501
136138
153214
170470
187403
204639
222633
240147
258010
276553
294145
312849
330772
349485
367433
386124
404131
422936
440825
460143
478227
496918
515000
533710
552414
570285
588279
608260
626693
645072
663605
682335
700827
719549
737693
756897
776453
796081
815758
834821
854184
873741
893538
913291
933165
952822
972877
992775
12450
32821
52729
72676
92674
112731
132809
152860
173193
193985
214305
234249
254717
275722
296400
316442
336656
357518
379339
399865
420346
441035
462466
483254
504266
525027
546853
568160
589668
611555
633498
654570
676533
698402
720269
741703
763554
785944
808116
829648
852437
874037
896613
919077
940466
963292
986328
9287
31491
53979
76802
100029
122706
144377
167867
190751
213160
236299
258998
282200
303862
326436
349769
373011
396024
419105
442699
466374
490142
513462
536847
560010
583102
606437
630380
653442
676764
700174
723493
746495
770067
793364
816644
839951
864099
887007
910212
933367
956477
980080
3024
26361
50057
73066
96613
119947
143413
166493
190113
213197
236351
260058
283219
306654
329967
353064
376529
400077
423042
446652
469943
493465
516945
541259
564206
587184
611019
634453
660096
684510
708983
733390
758587
783243
807959
833066
858589
883238
907895
932788
958584
983277
7713
33234
57885
83068
108480
133352
158649
183808
208954
234333
260018
285642
311970
337849
363381
389460
415948
442762
468853
495255
521255
547967
574659
601393
628136
654698
681646
708071
735183
761295
787765
815429
842635
869148
896241
923735
950255
977570
4151
31233
59221
87394
114605
143379
170667
199222
227130
254489
283102
309890
338443
366976
396739
426001
454418
483670
512014
540353
569068
597875
627509
656285
684267
713622
743384
773348
802919
830933
860846
889180
919292
948785
977219
5966
36424
65723
97154
127169
156968
187279
217124
247162
277223
307222
337474
367212
397141
427150
457008
487011
517154
547358
576984
606811
637512
669362
699269
731140
762923
794180
827310
857350
887010
917015
947945
977164
7592
40015
69879
99902
129521
160826
193160
224402
256276
288292
320686
353666
384479
416308
447769
479662
511154
542721
574244
605886
637697
669551
701219
733051
766160
797644
829758
860683
893113
923945
956855
989132
20832
53093
84156
116460
148234
180729
212937
244717
277456
309466
340952
372539
404363
436185
467546
499524
530683
562857
594584
627489
659631
692411
724375
758010
791389
824379
858400
891629
924286
957655
991021
24338
57679
90846
124253
157498
191549
224588
257074
290518
323610
356600
389622
423085
456855
489738
523324
556428
589957
622963
656718
689920
723221
756193
790537
823897
857273
890781
924324
958815
991546
25604
57656
92202
125460
158616
191249
224527
258037
291690
325068
357992
391381
424725
457593
491639
524568
557797
591364
625080
658524
691836
724756
758676
792247
826876
859965
893690
928421
962286
996800
31328
65064
98433
131740
165000
198287
232581
267025
301982
335027
368631
401729
435021
468194
502681
536975
572185
606930
642201
677294
712732
747114
782354
818339
853070
887317
922958
957574
991826
27651
62948
97252
133985
168862
206086
244131
282244
319865
355793
395443
434363
473955
513376
550788
590408
629951
667658
706937
746456
783774
822012
861650
899830
937233
976795
16862
55765
94534
132868
172684
210829
251112
291759
334762
375443
418460
461343
502186
544914
586959
628895
670107
711897
754401
796050
837818
880736
924760
967867
11862
55342
98815
141380
183431
227391
271373
313836
357019
400187
443460
487531
530298
573146
615833
658530
701172
743914
788058
830239
874155
917304
959751
1946
44924
88586
131508
176658
219261
262489
305139
349626
392988
435558
478185
521179
564460
607288
651403
695696
739865
782586
826366
869071
910987
954201
997582
39537
82982
125546
169006
212294
255652
298287
341573
386010
429983
473994
516876
560313
603395
646520
690028
733192
775608
817921
860900
902983
945375
987310
30317
73009
115158
157305
200140
243023
284956
327894
370993
414351
457338
500096
543145
586536
630688
674294
717513
761361
804696
848165
890937
934825
978122
21188
64174
107122
150673
193647
236764
280011
324454
367512
411015
455828
499164
541769
586105
628865
673850
720679
765932
809656
856187
901377
944802
989932
34961
80751
126802
172943
218152
263885
309826
354758
400818
447105
493534
539510
585016
631320
677443
723695
771454
817946
865472
912092
958481
4793
52065
99128
146808
194099
242178
289183
337986
386897
435409
483892
532425
581300
629514
678879
727639
774988
824494
872080
920513
969184
18130
66474
116290
165141
213888
262229
311351
359428
407887
456573
504468
552991
601775
649641
698516
747245
795898
844384
892260
941161
990314
41334
90813
139477
189096
238348
287331
336259
386079
436192
485543
535442
584360
634436
683690
734123
783511
832812
882023
930862
980968
30768
81612
132628
182778
232895
282881
333477
383801
434440
485202
535986
587182
638639
690263
742533
794290
846932
898896
949895
2708
56390
110041
162477
215009
268211
322071
373990
428228
482006
534892
588476
641920
695641
748914
802760
855910
909314
963825
17433
72549
127990
181909
236209
291604
345224
399070
453461
508134
563089
616937
670523
725262
779080
832473
888237
942835
998174
55133
111134
166503
222760
279220
336415
393419
450523
508239
566061
622792
681720
742446
801919
862253
923393
984438
46817
109406
172006
233382
295974
359174
423198
486453
549243
611430
672311
735370
796300
858971
921671
983230
46245
108335
169618
231368
292268
354665
415597
478356
539246
602292
665568
728773
789612
852109
914835
975663
38818
101841
163326
225772
288481
349365
411543
472493
535222
595871
658908
722048
782629
845006
906062
968376
29377
91704
152551
216266
279587
342351
405337
468930
531652
592578
656233
719450
782041
845643
908876
972092
35961
99696
163736
226051
289343
352685
416296
479344
542671
606693
