10350
12823
15207
17604
19905
22295
24668
27044
29419
31793
34156
36535
38878
41262
43561
45854
48218
50596
52957
55330
57702
60796
63189
65511
67891
70264
72636
74933
77244
79610
82004
84378
86784
89145
91516
93867
96231
98622
100974
103364
105735
108098
110447
112811
115175
117552
119915
122271
124573
126946
129325
131706
134104
136424
138795
141183
143562
145929
148307
150687
153067
155463
157831
160880
163740
166137
168507
170868
173252
175552
177914
180208
182586
184965
187307
189661
192031
194407
196766
199063
201442
203751
206134
208510
210802
213105
215482
217804
220176
222560
224912
227288
229653
232033
234384
236768
239164
241544
243860
246229
248538
250916
253315
255681
258043
260937
263325
265689
268064
270452
272773
275162
277559
279916
282225
284630
287009
289388
291763
294166
296537
298921
301291
303683
306381
308779
311156
313534
315902
318278
320652
323049
325363
327672
330053
332374
334747
337132
339512
341816
344198
346699
349268
351642
354023
356403
358941
362280
364769
367157
369460
371829
374212
376603
378902
381281
383663
386029
388417
390800
393178
395550
397919
400300
402663
405035
407376
409745
412135
414515
416893
419294
421643
423976
426278
428581
430969
433340
435711
438081
440481
442844
445219
447593
450363
452689
455068
457453
460356
462753
465137
467513
470367
472769
475149
479070
481456
483772
486145
488476
490861
493214
495599
497937
500321
502706
505083
507462
509827
512209
514594
516951
519318
521701
524039
526425
528807
531192
533578
535886
538268
540646
543055
545420
547784
550285
552654
555029
557412
560356
563293
565701
568101
570484
572857
575242
577619
579971
582278
584679
586979
589331
591735
594122
596508
598875
601194
603547
605897
608273
610665
613033
615409
617708
620091
622474
624843
627163
629464
631770
634142
636512
638913
641298
643604
645973
648271
650874
653259
655555
657928
660816
663180
665480
667850
670357
672726
675086
677449
679839
682218
684526
686848
689230
691558
693858
696239
698571
700942
703239
705601
707967
710842
713134
715499
717873
720263
722624
724988
727360
729725
732116
734412
736796
739168
741531
743903
746210
748604
750992
753355
755658
758030
761342
764012
766387
768766
771134
773521
775844
778219
780591
782958
785277
787571
790289
792658
795041
797404
799771
802163
804552
806915
809285
811670
814066
816442
818740
821127
823506
826141
828652
831024
833419
835810
838180
840565
842950
845342
847706
850347
852661
855046
857435
860183
862604
864981
867289
870354
872752
875127
877483
879869
882248
884608
886905
889264
891679
894045
896420
898810
901188
903564
905862
908163
910819
913118
915518
917880
920241
922633
925020
927400
929806
932196
934573
936971
939365
941755
944135
946455
948797
951192
953582
955971
958341
961727
964362
966711
969109
971505
973891
976281
978687
981012
983411
985741
988137
990826
993212
995601
997983
377
2769
5088
7507
9880
12278
14673
17073
19466
21793
24107
26513
31867
34321
36880
39352
41762
44148
46539
48919
51322
53712
56033
58361
61184
63600
66027
68423
70836
73237
75633
78030
80480
82882
85205
87593
89985
92356
94679
97077
99480
101905
104305
106701
109091
111482
113869
116267
118678
121062
123453
125817
128286
130684
133075
135436
137841
140261
142668
145025
147450
149770
152208
154572
156996
159578
162938
165345
167734
170139
172523
174922
177340
179762
182132
184536
186955
189296
191670
194005
196415
198814
201189
203603
206037
208415
210801
213129
215496
217897
220315
222714
225055
227447
229826
232261
234666
237071
239447
241876
244288
246685
249099
251490
253893
256258
258654
261569
263973
266292
268666
271054
273478
275859
278293
280727
283134
285530
287927
290289
292683
294998
297394
299750
302164
304566
306972
309401
311823
314236
316573
318984
321395
323814
326213
328626
331026
333408
335794
338214
340646
343061
345483
347826
350245
352683
355054
357455
360358
363485
365905
368317
370966
373456
375883
378299
380700
383105
385527
387915
390304
392642
395010
397386
399790
402220
404628
406992
409344
411694
414053
416445
418840
421227
423563
425977
428368
430729
433148
435567
437990
440374
442796
445208
447567
449997
452479
454879
457264
460004
462642
465055
467453
469857
472246
474648
477074
479411
481830
484240
486643
489050
491452
493858
496272
498678
501099
503519
505939
508348
510813
513235
515655
518069
520494
522866
525290
527689
530064
532475
534910
537317
539703
542129
544555
546977
549389
551902
554351
556693
559291
562692
565152
567644
570069
572493
574949
577358
579798
582288
584732
587143
589560
592047
594471
596878
599332
601789
604224
606926
610041
612818
615909
619264
622793
626045
629082
632161
635180
638236
641319
644246
647200
650255
653301
656252
659543
662789
665847
668967
672555
675672
678776
681802
684838
687954
690649
693091
696098
698556
700965
703849
706307
708694
711552
713948
716389
719061
722024
724470
727351
729798
732238
735083
737771
740973
743664
746113
748561
751001
753406
755842
758313
760742
763165
765620
768012
770418
773626
776468
778912
781365
783836
786266
788659
791112
793561
795920
798379
800865
803252
805649
808090
810534
812962
815411
817778
820247
822713
825293
828106
830567
833014
835454
837842
840349
842758
845161
847634
850085
852521
854971
857419
859862
862313
864774
867194
869610
873148
876362
879833
883254
886370
889445
892845
896016
899086
902146
905217
908489
911389
913801
916258
919067
921611
924040
926743
929381
931852
934482
937243
939624
942145
944917
947393
949825
952714
955159
957617
960523
962970
965397
968262
970877
973646
976555
978990
981429
984617
988064
990882
993953
997330
67
2495
4928
7415
9842
12266
14711
17106
19480
21963
24382
26838
29184
31645
34095
36460
38871
41222
43669
46110
48537
50876
53274
55738
58152
60578
62999
65425
67754
70104
72899
75301
77702
80056
82392
84789
87168
89561
91968
94391
96793
99181
101604
103930
106332
108684
111110
113514
115839
118238
120662
123071
125502
127913
130359
132808
135255
137689
140115
142588
145070
147504
149882
152322
154774
157274
159753
162195
164650
167115
169577
172615
175628
178048
180480
182904
185364
187812
190179
192543
194982
197410
199871
202273
204698
207142
209575
211983
214399
216824
219176
221592
223930
226335
228686
231090
233495
235858
238271
240704
243085
245497
247901
250330
252731
255138
257553
259904
262303
264715
267115
269520
272435
274861
277281
280221
283382
286059
288495
290913
293307
295722
298059
300753
304048
307123
309560
311994
314389
316790
319196
321607
324015
326413
328828
331880
335189
337913
340277
342669
345061
347464
349855
352275
354690
357101
359439
361831
364235
366643
369031
371440
373833
376170
378586
380982
383401
385878
388556
390957
393370
395776
398210
400639
403024
405429
407873
410301
412643
415017
417437
419832
422248
424667
427094
429513
432000
434449
436893
439323
441751
444186
446645
449083
451507
453968
456424
458890
461315
463783
466202
468566
470997
473427
475865
478307
480742
483156
485555
487938
490274
492672
495052
497467
499868
502321
504742
507093
509505
511951
514351
516749
519134
521542
523954
526373
528782
531158
533542
535935
538350
540746
543118
545545
547920
550341
552738
555143
557548
559989
562389
564798
567209
569631
571992
574409
576829
579220
581632
584069
586564
588952
591338
593772
596102
598527
600928
603319
605732
608176
610583
612987
615374
617782
620117
622543
624965
627367
629788
632205
634616
637016
639846
642813
645274
648239
651045
653463
655898
658288
660658
663041
665466
667805
670244
672654
675037
677436
679860
682281
684690
687083
689486
691878
694297
696719
699113
701523
703971
706307
708725
711094
713523
715850
718269
720682
723051
725398
727832
730178
732554
734940
737362
739751
742192
744591
746981
749380
751825
754217
756636
759012
761412
763739
766156
768574
770975
773323
775778
778179
780598
783012
785469
787898
790354
792808
795255
797729
800199
802619
805080
807566
810044
812494
814938
817398
819862
822498
825585
828295
830786
833216
835675
838159
840616
843073
845515
848010
850476
852928
855365
857822
860271
862727
865223
867647
870129
872587
875048
877517
880021
882403
884873
887306
889761
892178
894866
897902
900530
902979
905392
907813
910188
912562
914973
917344
919815
922164
924574
926949
929343
931760
934125
936531
938921
941382
943841
946248
948683
951076
953512
955918
958363
960810
963232
965693
968115
970549
972960
975367
977806
980192
982598
985002
987415
989864
992224
994627
997029
999414
1826
4258
6720
9144
11545
14210
16656
19063
21478
23931
26353
28779
31158
33596
36000
38424
40855
43230
45651
48095
50473
52882
55297
57730
60143
62566
64908
67322
69709
72120
74533
76947
79339
81763
84160
86574
88976
91398
93842
96241
98670
101073
103542
105960
108414
110873
113259
115688
118136
120607
123034
125470
127959
130408
132847
135256
137718
140143
142603
145037
147472
149947
152338
154786
157199
159680
162119
164559
166940
169357
171773
174193
176613
179003
181424
183883
186229
188646
190985
193413
195815
198230
200653
203036
205465
207867
210271
212689
215093
217445
219840
222266
224677
227101
229513
231853
234286
236701
239102
241515
243920
246356
248809
251210
253633
255953
258360
260765
263106
265536
267940
270361
272778
275187
277593
279995
282407
284836
287239
289645
292059
294484
296827
299241
301660
304058
306474
308872
311292
313734
316128
318526
320948
323370
325790
328209
330622
333104
335508
337949
340366
342799
345234
347658
350101
352549
354975
357423
359860
362279
364715
367133
369567
371989
374410
376829
379196
381640
384071
386510
388946
391385
393745
396158
398578
401139
403803
406262
408625
411050
413475
415894
418430
420801
423252
425686
428111
430526
432933
435363
437810
440269
442693
445159
447638
450073
452558
455056
457539
460012
462488
464951
467417
469928
472410
474881
477374
479852
482441
484936
487434
489892
492385
494894
497390
499869
502355
504853
507329
509810
512284
514774
517273
519717
522214
524675
527160
529621
532095
534582
537028
539517
541981
544425
546882
549256
551696
554092
556536
558940
561384
563839
566284
568750
571184
573621
576059
578500
580928
583368
585790
588226
590697
593137
595622
598097
600568
603060
605561
608053
610567
613049
615508
617945
620452
622974
625487
628018
630555
633080
635578
638030
640544
643023
645544
648041
650526
653081
655622
658109
660643
663133
665645
668109
670617
673077
675577
678049
680547
682993
685454
687882
690329
692786
695192
697616
700054
702456
704877
707348
709810
712193
714664
717087
719508
721933
724357
726745
729145
731604
734037
736463
738909
741371
743810
746220
748683
751083
753467
755815
758274
760725
763123
765571
768011
770449
772890
775293
777729
780153
782595
785022
787454
789939
792469
794989
797512
800040
802585
805077
807601
810096
812612
815100
817605
820104
822595
825098
827584
830060
832599
835089
837622
840122
842656
845170
847694
850184
852713
855225
857760
860236
862775
865222
867705
870145
872641
875088
877592
880068
882530
884985
887472
889911
892365
894835
897201
899642
902020
904473
906887
909302
911725
914124
916582
918963
921396
923817
926245
928647
931002
933423
935841
938308
940758
943110
945554
947968
950409
952828
955247
957671
960026
962462
964887
967327
969751
972169
974622
976994
979432
981852
984383
987075
989462
991835
994300
996704
999131
1603
3981
6370
8824
11178
13636
15994
18418
20836
23210
25651
28074
30439
32835
35313
37765
40184
42638
45070
47549
50091
52637
55196
57767
60350
62947
65537
68157
70693
73238
75848
78426
80980
83504
86080
88673
91207
93756
96302
98862
101377
103904
106415
108952
111501
113999
116496
118993
121490
124012
126440
128929
131369
133860
136305
138696
141096
143574
145963
148402
150849
153254
155703
158089
160498
162911
165352
167850
170259
172695
175106
177550
179958
182398
184774
187189
189629
192050
194498
196878
199315
201685
204088
206568
208966
211452
213938
216363
218866
221269
223669
226033
228484
230836
233264
235629
238463
240859
243240
245683
248096
250520
252915
255357
257802
260143
262586
264981
267414
269866
272282
274721
277128
279557
281942
284372
286816
289217
291657
294068
296494
298898
301337
303760
306139
308567
310983
313411
315851
318260
320710
323132
325619
328053
330542
332989
335590
338045
340521
342953
345447
347922
350390
352862
355323
357813
360281
362727
365118
367574
370049
372528
374996
377444
379944
382375
384885
387330
389871
392331
394869
397340
399894
402387
404865
407290
409759
412125
414565
416957
419376
421828
424238
426687
429062
431468
433872
436332
438990
441677
444139
446604
449017
451460
453854
456305
458777
461185
463692
466102
468583
471001
473482
475896
478404
480883
483314
485764
488155
490616
493030
495490
497901
500356
502795
505207
507670
510129
512589
514995
517441
519839
522300
524760
527174
529633
532053
534515
536918
539380
541823
544228
546683
549089
551560
554017
556529
559005
561548
564052
566615
569134
571668
574241
576816
579368
581974
584516
587083
589663
592170
594727
597230
599782
602276
604837
607368
609929
612415
614952
617442
619991
622527
625044
627594
630156
632760
635277
637914
640434
643015
645568
648165
650810
653460
656096
658739
661315
663992
666548
669193
671832
674416
677030
679687
682252
684870
687370
690005
692497
695090
697655
700187
702734
705258
707819
710334
712883
715383
717938
720448
722990
725569
728044
730582
733036
735559
737966
740455
742930
745351
747838
750241
752724
755152
757648
760061
762544
764963
767443
769937
772364
774925
777364
779863
782292
784767
787198
789696
792125
794587
796992
799473
801889
804360
806873
809284
811760
814243
816751
819161
821665
824081
826561
829012
831532
834043
836657
839173
841773
844300
846935
849447
852032
854616
857121
859704
862255
864852
867352
869938
872436
875024
877604
880122
882703
885204
887771
890269
892855
895375
897926
900423
903016
905503
908055
910615
913049
915545
917957
920442
922916
925345
927830
930236
932726
935143
937619
940044
942572
945084
947764
950389
953017
955628
958161
960783
963322
965931
968465
971067
973697
976230
978879
981392
984038
986639
989172
991788
994322
996930
999471
2087
4730
7342
10023
12630
15201
17825
20395
23012
25663
28227
30895
33444
36096
38721
41303
43985
46599
49281
51941
54503
57169
59815
62393
65042
67718
70273
72880
75419
78037
80627
83103
85690
88165
90742
93233
95805
98301
100873
103347
105947
108399
110947
113377
115884
118311
120838
123264
125776
128203
130708
133143
135660
138084
140599
143018
145547
147972
150481
153010
155519
157948
160444
162947
165371
167910
170337
172865
175282
177822
180241
182789
185233
187767
190188
192712
195139
197681
200098
202633
205042
207570
210008
212527
214962
217496
220046
222566
224990
227524
230032
232554
234970
237486
240012
242527
244954
247477
250006
252528
254965
257487
260046
262586
265075
267669
270145
272737
275243
277820
280328
282899
285419
287995
290597
293101
295711
298188
300795
303284
305881
308361
310977
313443
316023
318597
321077
323652
326126
328714
331197
333739
336164
338688
341111
343641
346073
348627
351049
353578
356003
358514
360972
363494
366016
368549
370977
373476
376007
378531
380951
383470
385955
388369
390890
393310
395803
398215
400735
403154
405660
408069
410592
413002
415498
417916
420412
422949
425376
427907
430345
432903
435375
437933
440389
443292
445799
448374
450947
453405
455965
458396
460952
463412
465967
468419
470975
473450
475978
478431
480990
483517
486058
488652
491143
493727
496208
498777
501275
503847
506324
508899
511392
513968
516460
519031
521606
524150
526740
529268
531897
534488
537113
539768
542298
544924
547443
550083
552715
555282
557882
560421
563009
565667
568198
570817
573320
575937
578458
581073
583699
586283
588869
591420
594030
596713
599216
601869
604384
607090
609733
612243
614875
617368
619964
622413
625022
627654
630227
632868
635395
637987
640625
643151
645835
648397
651051
653651
656163
658837
661473
664164
666865
669429
672093
674825
677501
680338
683151
685978
688708
691560
694346
697151
699927
702643
705331
708134
710899
713638
716361
719125
721824
724447
727161
729958
732610
735372
738060
740839
743473
746246
748927
751510
754124
756802
759364
762087
764747
767328
769947
772532
775226
777958
780469
783138
785814
788415
791144
793860
796418
799103
801787
804369
807061
809801
812421
815227
818035
820894
823615
826485
829293
832199
835027
837893
840604
843490
846284
849220
852055
855032
857695
860587
863406
866307
869136
872007
874867
877581
880393
883315
886182
889141
892053
895015
897895
900681
903611
906574
909502
912546
915551
918596
921494
924473
927388
930394
933328
936283
939152
942132
944993
947734
950544
953504
956374
959351
962205
965093
967973
970624
973412
976259
979142
982054
984863
987487
990189
992877
995427
998171
906
3468
6112
8877
11443
14136
16858
19422
22136
24809
27342
30059
32769
35341
38023
40743
43303
46025
48848
51498
54362
57128
59987
62663
65506
68335
71194
74051
76910
79602
82462
85276
88119
90947
93612
96454
99309
102184
105021
107884
110603
113520
116440
119410
122335
125259
128128
130997
133790
136486
139365
142397
145304
148242
151228
154123
157013
159893
162563
165407
168216
171003
173597
176356
179089
181831
184453
187179
189916
192486
195221
197956
200526
203215
205865
208320
210976
213469
216125
218770
221296
223957
226388
229034
231735
234295
236936
239369
242011
244654
247181
249833
252275
254906
257435
260168
262962
265554
268394
271187
274038
276811
279450
282274
285140
287970
290708
293586
296513
299472
302420
305391
308283
311133
314067
316957
319752
322606
325586
328485
331336
334266
337140
340062
342966
345644
348485
351377
354350
357277
360420
363415
366503
369460
372570
375459
378498
381311
384313
387128
390138
392975
395848
398699
401714
404546
407568
410455
413451
416284
419265
422144
425175
428042
431077
433950
436843
439740
442917
445873
449099
452136
455360
458376
461538
464494
467678
470725
473913
476950
480182
483211
486358
489375
492559
495594
498740
501729
504802
507781
510862
513856
516938
519958
523181
526219
529467
532567
535865
538973
542227
545307
548584
551653
554919
558007
561282
564377
567608
570700
573976
577073
580302
583372
586581
589618
592885
595883
599090
602101
605166
608203
611290
614318
617408
620390
623471
626461
629537
632516
635647
638588
641709
644602
647683
650519
653507
656299
659353
662250
665470
668491
671758
674762
678026
681033
684292
687299
690565
693570
696830
699821
703026
706038
709245
712258
715414
718427
721576
724584
727753
730769
733882
736825
740004
743008
746111
749105
752242
755232
758354
761294
764433
767423
770565
773506
776599
779473
782628
785610
788654
791633
794721
797702
800647
803526
806451
809373
812406
815346
818270
821167
824116
827068
830079
833028
836001
838816
841936
845167
848387
851609
854839
858076
861397
864623
867853
871102
874334
877653
880951
884241
887432
890654
893837
897134
900292
903587
906705
909884
912957
916193
919207
922459
925525
928793
931818
935020
938060
941326
944375
947582
950381
953602
956717
959804
962882
965954
968937
971985
974907
977994
980915
983927
986856
989943
992839
995870
998774
1834
4753
7835
10730
13801
16764
20015
23202
26228
29354
32445
35581
38710
41839
44907
48083
51222
54409
57562
60755
63799
66861
69893
72959
75967
79040
82164
85210
88346
91436
94602
97777
100953
104095
107245
110437
113604
116803
119922
123148
126396
129591
132715
135904
138974
142204
145298
148584
151641
154918
158044
161319
164447
167769
170837
173985
176960
180061
183177
186351
189476
192603
195667
198856
202033
205379
208601
211945
215211
218527
221793
225107
228360
231723
235070
238354
241676
245220
248521
251999
255310
258683
262091
265539
268933
272451
275849
279345
282755
286271
289673
293067
296481
299888
303281
306604
309837
313060
316327
319574
322810
325988
329179
332292
335414
338586
341724
344863
348074
351236
354405
357623
360901
364029
367296
370529
373849
377067
380400
383690
386997
390294
393575
396779
400076
403332
406824
410279
413861
417356
421015
424482
428109
431679
435329
438858
442617
446226
449914
453557
457167
460773
464524
467948
471627
475062
478694
482155
485702
489072
492562
496015
499581
503138
506667
510238
513733
517220
520709
524199
527620
531209
534848
538558
542271
546017
549703
553447
557167
560914
564538
568229
571818
575492
579108
582780
586333
589939
593419
596915
600370
604024
607465
611039
614538
618159
621672
625103
628483
631917
635227
638768
642151
645673
649102
652659
656050
659537
662981
666539
670007
673475
677036
680630
684158
687807
691253
694832
698393
702008
705561
709112
712638
716274
719876
723501
727385
731253
735084
738910
742639
746375
750177
753937
757595
761375
764963
768761
772342
776160
779818
783721
787472
791229
795044
799074
802881
806782
810623
814480
818442
822307
826156
830063
833953
837790
841616
845406
849218
852932
856884
860844
864788
869017
872957
877010
881031
885013
889016
893036
896952
900947
905083
908924
912963
916813
920733
924663
928527
932388
936053
939927
943542
947290
950880
954567
958301
962036
965774
969691
973426
977297
981130
985221
989092
993037
996917
825
4903
9004
13049
17157
21338
25631
29921
34329
38587
42943
47376
51636
55994
60158
64428
68777
73034
77346
81443
85544
89541
93457
97231
101129
104941
108758
112416
116274
119923
123785
127567
131699
135568
139649
143561
147737
151859
156018
159962
164056
167808
172000
175823
179965
183795
188002
192050
196340
200668
205128
209703
214247
218854
223357
227800
232241
236818
241171
245210
249575
253760
258002
261915
266082
269984
274105
277993
282002
285784
289832
293733
297909
302024
306470
310895
315438
319882
324330
328731
333209
337562
342030
346422
350812
355402
359975
364523
369041
373586
378096
382635
387143
391719
396337
401027
405675
410291
415036
419684
424488
429179
433917
438568
443377
448027
452760
457412
462091
466679
471408
476026
480754
485416
490112
494842
499559
504402
509154
514016
518885
523839
528875
534084
539235
544353
549601
554773
559883
565153
570335
575626
580776
586071
591158
596173
601048
605924
610879
615783
620600
625497
630299
635122
640219
645263
650391
655367
660457
665429
670481
675416
680352
685285
690246
695144
700134
705058
710004
714859
719749
724597
729481
734427
739285
744197
749119
754016
758990
763833
768705
773523
778435
783487
788414
793479
798407
803577
808625
813762
818823
823902
829003
834088
839113
844277
849490
854693
859954
865079
870409
875537
880764
885966
891171
896193
901332
906298
911327
916305
921405
926401
931536
936576
941658
946635
951648
956667
961780
966888
972106
977379
982732
988030
993526
998889
4372
9710
15185
20614
26030
31418
36811
42110
47480
52779
58087
63446
68815
74132
79382
84610
89793
95052
100485
105932
111414
116937
122433
127982
133501
138923
144352
149626
155001
160289
165636
170929
176289
181557
186900
192214
197546
202858
208144
213537
218932
224350
229596
235024
240255
245703
250939
256361
261661
267100
272405
277879
283182
288547
293834
299202
304559
309804
315091
320330
325622
330923
336423
341705
347220
352665
358310
363829
369300
374855
380489
386091
391622
397089
402646
408149
413677
419315
424800
430227
435685
441195
446582
452253
457769
463261
468856
474582
480139
485733
491345
497009
502606
508149
513726
519379
524809
530404
535741
541363
546698
552249
557557
563156
568603
574292
579840
585516
591057
596703
602082
607716
613212
618809
624344
629954
635446
641111
646515
652113
657646
663261
668810
674543
680059
685631
691151
696634
702242
707842
713333
719070
724579
730152
735607
741231
746804
752473
757938
763460
768942
774429
779939
785390
790874
796348
801814
807356
812828
818361
823924
829513
834993
840561
846005
851798
857343
863006
868557
874278
879745
885466
891041
896945
902466
908182
913739
919630
925111
930852
936354
941983
947608
953235
958641
964222
969797
975637
981062
986957
992443
998203
3749
9614
15140
20847
26331
31974
37491
43219
48970
54815
60411
66355
72078
78180
83830
89905
95944
101993
107999
114196
120200
126266
132448
138524
144661
150689
156585
162677
168512
174344
180335
186244
191993
198010
203786
209887
215630
221581
227375
233306
239093
245271
251433
257778
263992
270158
276278
282268
288177
294215
300066
306432
312469
318650
324613
330853
336892
343130
349305
355278
361559
367530
373892
379885
386048
392237
398491
404646
410941
417268
423545
429656
436139
442306
448733
454878
461371
467666
474199
480498
487216
493355
499943
506325
512702
519047
525669
532055
539155
545664
552226
558542
565204
571460
578157
584558
591192
597634
604102
610788
617206
623563
629865
636392
642729
649100
655702
662316
668761
675259
681577
688070
694422
700852
707211
713644
719989
726445
732810
739247
745607
752026
758179
764444
770729
777309
783480
790103
796512
803023
809412
816087
822314
828738
835236
841572
847935
854494
861018
867538
874005
880643
887268
894001
900713
907201
913876
920589
927408
933832
940528
947168
954058
960729
967577
974167
981081
987849
994709
1198
8209
14722
21417
28348
35329
42198
49013
55794
62885
69715
76522
83282
90079
96956
103616
110419
117393
124116
130623
137708
144712
151769
158473
165857
172597
179866
186734
193910
200995
208381
215323
222662
229535
237288
244448
251902
258984
266583
273688
280892
288547
295643
302912
310105
317645
324701
332170
339514
346614
353726
361069
368007
375207
382106
389361
396447
403734
411022
418422
425955
433588
440706
447853
455256
462643
470046
477181
484315
491542
499141
506644
514128
521406
528577
535940
543108
550630
557869
564924
572244
579455
586932
594168
601483
608861
616321
623434
630861
638314
645820
653165
660637
667690
675280
682853
689854
697472
704388
711904
719076
726802
734460
741785
749137
756834
764447
771875
779414
787121
794384
801668
809014
816490
823962
831460
838877
846505
854381
862062
869733
877610
885229
892552
899879
907605
915281
922425
930045
937407
944941
952288
959822
967305
975408
982492
989773
997640
5146
12836
20170
27895
35401
42963
50710
58340
65755
73510
81463
89032
96701
103980
112084
119687
127346
134915
142304
150148
157611
165543
172958
180651
188376
195813
203235
211101
218726
226060
233674
241051
248963
256457
263693
271302
278866
286337
294296
301775
309606
316925
324498
332216
339974
347301
355015
362805
370196
378029
385250
393367
400873
408871
415999
424048
431750
439460
446646
454563
462249
469772
477316
485139
492650
500538
508170
516059
523642
531568
539061
547079
554147
562118
569933
577820
585495
593550
601712
609197
617747
625400
633494
641291
649865
657367
665626
673105
681652
689382
697525
705757
714056
721912
730159
738847
746784
755028
763140
771325
779733
787880
796091
804278
812583
820705
829550
837657
845703
854157
862850
871035
879435
887800
896299
904431
913076
921343
929797
937817
946638
955784
964137
971937
980396
989385
998245
7203
15809
24189
32814
42000
50298
59542
68321
77178
85651
94293
103177
112564
121159
130432
139410
148676
157090
166418
175672
185064
194032
203206
212192
221755
231048
239928
248782
257729
266736
276341
286133
295675
305257
314853
323737
332869
342173
352154
361438
371561
380829
390228
399318
408824
418314
427982
437787
447515
456982
466397
475456
484861
494221
504154
513773
523565
533023
543042
552811
562463
571873
581679
591666
601127
611016
620756
630164
639885
649380
658992
668550
678603
688011
697942
707479
717718
727174
737173
746854
756574
766352
775601
785442
795473
805299
814537
826079
837098
847440
858484
868977
879741
891038
903414
915479
927127
938686
949001
959080
969532
979214
989329
999509
9895
19209
29717
39555
50147
60997
71978
82335
92435
102750
112918
123506
133751
144972
154943
166013
176227
186942
197163
208834
219183
229152
239115
249564
259075
269277
278632
288931
299830
310450
320671
330884
341006
351393
361868
372856
384162
395103
406152
417019
427961
438677
449038
459406
470663
481688
492229
502580
513570
524639
535405
546451
557188
567670
578586
589188
599735
610298
621576
633103
644245
654666
665428
676333
687000
697929
708661
719372
729976
740545
751771
762401
773503
784569
795479
806483
817617
828472
839422
850426
861887
872643
883710
893844
904829
915770
927299
938552
949914
961041
972438
982968
993725
4908
15904
27245
38560
49981
61455
73263
84790
96206
107509
118589
130340
141952
153236
164550
176607
187793
199650
211391
222382
234088
245657
256732
268733
279814
292664
310835
322518
333594
345327
357498
368977
381168
393189
405673
417998
429834
442402
454339
466248
478704
491041
502974
514577
526755
539137
550964
563394
575692
588055
600237
612224
624431
637076
649440
661863
674214
687255
699550
711754
723953
736543
749195
760552
773348
786711
799278
810828
823824
835408
848264
861213
873250
886950
899144
911475
923921
937038
949662
962654
975286
987746
879
12918
25544
37970
51793
64267
77253
90117
102074
115436
128414
141497
154513
167507
180989
194330
207728
219640
232362
244762
257963
271959
285163
297809
310958
324887
337629
351776
364758
378256
391515
404382
417580
431322
444766
458304
471290
485522
499192
512035
525732
538726
552192
565896
579670
592104
605787
618903
632680
646898
660725
673933
688350
702502
715732
729710
743839
757663
771052
785288
799877
814838
828119
842045
857147
870631
884320
898924
913361
928108
941947
956103
970309
984346
998992
12647
27174
41796
55665
70290
84512
99227
114225
128806
143263
157387
171749
186366
200502
215419
230853
246477
262241
277142
292574
307948
323362
338218
352215
368516
382735
398412
413961
429353
445008
461286
476854
493016
508428
524996
539668
555995
571809
587312
603783
618967
635356
651043
667232
684298
700826
718131
734165
751045
766972
784315
800677
818265
835244
852952
876492
893334
909511
926374
944181
961352
980026
997128
15097
31961
51640
69532
87054
105206
123593
140521
159406
177275
195984
212852
231159
249696
268157
286272
305829
325379
343844
363285
382081
399970
418890
438264
457864
477883
496966
515231
533721
552893
571835
590878
609016
629605
649074
667425
687828
706760
725757
745017
764699
784849
802967
821175
841119
216981
222629
224975
227295
229723
232116
234515
236930
239277
241613
244022
246350
248835
251174
253512
255848
258168
260579
262907
265316
267659
270000
272405
274756
277094
279461
281875
284209
286634
288974
291362
293691
296023
298368
300717
303052
305395
307725
310075
312411
314743
317133
319469
321805
324148
326503
328855
331204
333543
335885
338212
340550
342924
345341
347708
350116
352464
354814
357154
359584
361924
364261
366675
369020
371365
373771
376182
378512
380924
383267
385613
388013
390366
392697
395033
397374
399709
402124
404538
406884
409223
411642
413967
416307
418656
421068
423434
425854
428188
430524
432862
435191
437535
439886
442294
444645
447048
449390
451742
454143
456501
458839
461235
463582
465949
468274
470613
472951
475291
477654
479980
482321
484736
487083
489427
491838
494160
496491
498841
501170
503581
505935
508263
510600
512941
515350
517755
520179
522523
524941
527271
529613
531946
534280
536630
538974
541325
543680
546033
548443
550798
553135
555557
557910
560263
562684
565038
567444
569791
572126
574541
576976
579370
581721
584134
586467
588834
591188
593588
595948
598295
601018
603376
605725
608080
610420
612761
615100
617507
619866
622214
624543
626958
629313
631649
633991
636390
638740
641101
643510
645918
648273
650624
653025
655441
657857
660268
662632
664985
667343
669693
672026
674437
676836
679241
681643
684099
686438
688870
691284
693634
695996
698339
700680
703096
705523
707865
710280
712703
715108
717459
719805
722147
724559
726923
729261
731603
734010
736418
738824
741168
743515
745942
748327
750749
753096
755432
757855
760192
762606
764961
767308
769657
771984
774339
776689
779034
781422
783780
786119
788446
790782
793182
795528
797865
800202
802572
804917
807267
809602
811934
814279
816606
818941
821276
823612
826016
828350
830847
833189
835533
837948
840274
842675
845095
847500
849901
852229
854577
856905
859307
861644
864047
866375
868700
871047
873405
875742
878151
880498
882839
885176
887510
889850
892187
894608
896943
899346
901689
904094
906427
908754
911088
913410
915741
918076
920468
922801
925130
927539
929885
932222
934628
936964
939294
941628
944004
946408
948811
951147
953542
955939
958288
960625
962957
965277
967619
970015
972356
974693
977101
979504
981843
984195
986530
988871
991207
993608
995949
998275
618
2957
5351
7699
10097
12444
14800
17189
19527
21866
24264
26601
29002
31406
33808
36136
38533
40861
43273
45685
48104
50433
52841
55167
57565
59965
62300
64622
66968
69360
71759
74161
76517
78920
81317
83662
86037
88433
90780
93139
95467
97863
100206
102549
104939
107335
109675
112072
114431
116799
119225
121589
123959
126312
128733
131162
133516
135870
138224
140566
142925
145343
147719
150076
152511
154870
157225
159576
162001
164428
166792
169138
171503
173891
176331
178749
181095
183519
185871
188238
190695
193047
195390
197755
200175
202548
204886
207243
209594
211962
214317
216694
219111
221448
223807
226253
228588
230934
233370
235790
238142
240554
242917
245280
247637
250068
252441
254870
257236
279638
281996
284391
286819
289179
291538
293903
296282
298626
301046
303441
305809
308237
310611
313030
315382
317745
320095
322500
324925
327370
329732
332147
334581
336936
339300
341647
344138
346592
348967
351387
353736
356173
358518
360865
363226
365651
368079
370506
372933
375304
377725
380081
382424
384771
387125
389490
391860
394225
396599
398961
401379
403736
406105
408462
410823
413186
415546
417892
420308
422657
425026
427369
429796
432194
681035
720323
726929
733495
740058
746621
753201
759798
766398
772997
779596
786194
792788
799386
805981
812570
819223
825815
832408
839008
845599
852192
858781
865370
871960
878544
885121
891711
898302
904894
911484
918085
924735
931328
937909
944500
951083
957652
964207
970789
977390
983977
990574
997177
3778
10371
16968
23583
30187
36792
43393
50000
56602
63199
69794
76392
82984
89578
96175
102774
109365
115969
122567
129160
135760
142361
148955
155559
162159
168742
175309
181877
188509
195107
201714
208319
214931
221584
228192
234795
241399
247997
254597
261203
267803
274408
281012
287604
294201
300794
307389
313998
320612
327199
333789
340386
346979
353566
360158
366750
373351
379952
386544
393135
399786
406380
412986
419595
426192
432785
439375
445970
452564
459161
465748
472345
478938
485535
492129
498721
505321
511952
518565
525158
531751
538344
544943
551536
558131
564720
571302
577892
584484
591075
597686
604293
610916
617540
624155
630773
637391
644005
650633
657250
663872
670493
677109
683720
690348
696978
703591
710217
716843
723468
730087
736704
743324
749935
756551
763169
769787
776400
783020
789640
796252
802863
809520
816151
822760
829368
835981
842600
849212
855800
862370
868934
875503
882062
888616
895182
901737
908306
914876
921436
927997
934556
941105
947682
954239
960794
967347
973913
980475
987045
993620
195
6765
13355
19944
26527
33110
39684
46269
52848
59423
66006
72580
79162
85742
92328
98903
105488
112115
118693
125277
131852
138433
145009
151587
158168
164741
171314
177892
184489
191064
197647
204218
210798
217369
223953
230534
237101
243683
250251
256832
263415
269992
276573
283153
289731
296302
302890
309487
316077
322666
329264
335853
342448
349040
355623
362212
368788
375379
381974
388565
395164
401755
408390
414987
421579
428163
434748
441334
447920
454516
461096
467687
474278
480862
487449
494031
500618
507223
513832
520424
527020
533617
540200
546787
553374
559962
566561
573156
579740
586336
592925
599543
606163
612791
619415
626027
632641
639258
645874
652492
659107
665726
672340
678964
685578
692185
698798
705435
712100
718711
725322
731938
738561
745166
751778
758392
765003
771620
778217
784814
791398
797986
804583
811185
817773
824367
830960
837548
844126
850707
857275
863837
870408
876977
883567
890149
896746
903350
909976
916576
923187
929788
936401
942992
949612
956207
962816
969419
976026
982727
989320
995901
2512
9098
15688
22242
28803
35362
41926
48500
55067
61636
68195
74750
81317
87882
94446
101014
107583
114160
120718
127282
133853
140423
147006
153576
160140
166713
173293
179882
186453
193018
199618
206214
212787
219371
225955
232571
239184
245791
252394
259011
265623
272234
278839
285435
292051
298672
305296
311903
318504
325107
331704
338299
344881
351472
358046
364610
371174
377742
384309
390871
397438
404024
410606
417201
423802
430415
437022
443633
450232
456823
463438
470038
476643
483234
489837
496429
503096
509686
516304
522899
529508
536105
542709
549312
555943
562551
569189
575796
582436
589063
595712
602382
609002
615638
622264
628900
635518
642163
648785
655434
662049
668694
675319
681940
688546
695151
701778
708410
715015
721622
728197
734776
741358
747938
754523
761113
767698
774287
780871
787443
794020
800649
807231
813817
820395
826985
833557
840131
846705
853286
859863
866446
873025
879600
886173
892750
899376
905970
912544
919137
925713
932316
938918
945589
952397
959159
965845
972552
979266
985984
992685
999428
6136
12825
19525
26204
32897
39573
46237
52917
59574
66259
72925
79546
86194
92836
99526
106169
112812
119459
126067
132672
139292
145896
152495
159096
165696
172281
178878
185466
192061
198669
205266
211890
218489
225104
231698
238291
244882
251503
258128
264769
271408
278068
284711
291365
298025
304692
311361
318033
324678
331340
337984
344628
351275
357912
364560
371210
377856
384505
391151
397847
404488
411130
417811
424489
431168
437843
444510
451173
457828
464486
471131
477789
484457
491105
497760
504400
511050
517687
524321
530959
537600
544239
550883
557521
564166
570835
577526
584210
590909
597616
604293
610953
617601
624243
630868
637511
644134
650779
657437
664098
670761
677416
684074
690771
697431
704078
710735
717408
724083
730747
737404
744063
750725
757380
764038
770665
777330
783994
790701
797366
804035
810682
817332
823979
830631
837276
843924
850566
857205
863859
870497
877144
883782
890436
897089
903733
910375
917009
923676
930346
937046
943743
950456
957177
963923
970646
977363
984083
990884
997619
4389
11113
17817
24539
31279
38046
44782
51513
58244
64969
71695
78427
85159
91913
98642
105375
231163
247740
254193
260628
267050
273492
279920
286368
292802
299234
305686
312124
318564
324998
331437
337880
344328
350762
357223
363662
370097
376537
382973
389420
395848
402290
408713
415144
421577
428015
434447
440875
447312
453748
460189
466598
473046
479487
485927
492367
498795
505245
511676
518115
524547
530976
537409
543829
550257
556680
563106
569541
575963
582372
588795
595221
601640
608064
614479
620907
627330
633756
640177
646614
653039
659460
665881
672304
678720
685124
691604
698030
704468
710897
717342
723782
730216
736681
743134
749588
756040
762480
768925
775376
781827
788273
794711
801162
807618
814107
820561
826991
833444
839902
846344
852786
859214
865657
872101
878544
884978
891432
897862
904308
910729
917167
923608
930033
936481
942924
949372
955806
962234
968684
975129
981578
988008
994433
878
7316
13755
20200
26639
33093
39532
45977
52421
58854
65299
71749
78195
84619
91043
97483
103934
110379
116808
123233
129652
136075
142499
148939
155371
161823
168268
174718
181164
187600
194047
200486
206934
213392
219833
226272
232719
239168
245627
252077
258512
264957
271406
277840
284279
290710
297155
303597
310037
316474
322892
329331
335759
342192
348615
355042
361469
367887
374298
380702
387097
393488
399884
406285
412694
419086
425507
431917
438328
444736
451126
457538
463953
470360
476777
483170
489589
496001
502412
508824
515226
521647
528066
534468
540884
547311
553739
560171
566601
573033
579460
585878
592312
598739
605169
611585
618004
624434
630865
637283
643707
650127
656570
663006
669428
675851
682254
688691
695121
701553
707988
714408
720845
727276
733700
740129
746549
752976
759403
765841
772278
778718
785155
791583
797994
804415
810860
817270
823701
830143
836573
842990
849426
855861
862311
868754
875181
881649
888094
894532
900979
907417
913850
920298
926743
933185
939631
946062
952509
958935
965369
971790
978212
984636
991069
997499
3933
10363
16794
23231
29657
36082
42512
48936
55376
61812
68240
74668
81127
87567
93989
100427
106854
113308
119760
126211
132651
139082
145546
152012
158488
164956
171419
177884
184357
190822
197271
203725
210196
216644
223104
229553
236016
242466
248930
255414
261887
268355
274821
281288
287768
294238
300703
307152
313627
320074
326533
332976
339406
345843
352287
358736
365180
371611
378035
384481
390930
397380
403804
410216
416639
423064
429497
435932
442369
448827
455293
461744
468208
474642
481073
487515
493972
500412
506860
513310
519777
526220
532664
539076
545539
551961
558419
564858
571271
577693
584099
590514
596918
603321
609715
616121
622521
628917
635314
641713
648117
654511
660914
667322
673726
680165
686569
692990
699404
705812
712230
718651
725068
731489
737909
744339
750757
757163
763601
770042
776510
782967
789424
795883
802315
808780
815268
821725
828182
834630
841075
847533
853999
860457
866903
873358
879824
886281
892732
899152
905581
911998
918404
924816
931229
937634
944048
950463
956880
963311
969756
976201
982669
989133
995578
2037
8480
14940
21387
27853
34283
40754
47201
53669
60109
66561
73010
79467
85910
92371
98797
105280
111747
118240
124710
131187
137670
144168
150656
157134
163633
170095
176588
183062
189551
196030
202539
208999
215512
221972
228426
234867
241330
247765
254239
260697
267145
273584
280009
286432
292839
299260
305674
312097
318534
324962
331383
337799
344216
350634
357054
363483
369918
376344
382763
389190
395610
402038
408452
414878
421281
427713
434122
440541
446962
453373
459792
466201
472626
479056
485487
491972
498471
504998
511524
518072
524611
531163
537707
544257
550798
557341
563870
570388
576921
583432
589944
596458
602944
609462
615937
622388
628835
635287
641762
648241
654718
661172
667598
674017
680448
686885
693321
699756
706195
712624
719059
725497
731934
738369
744798
751232
757663
764150
770595
777027
783458
789889
796334
802767
809217
815700
822192
828667
835165
841638
848138
854640
861141
867651
874151
880654
887141
893630
900121
906606
913093
919572
926058
932537
939016
945494
951985
958464
964944
971431
977914
984438
990952
997501
4008
10495
16987
23485
29978
36463
42953
49425
55926
62394
68869
75349
81827
88308
94776
101258
107729
114234
120753
127281
133821
140355
146899
153403
159888
166370
172837
179317
185785
192270
198732
205254
211768
218309
224848
231407
237947
244501
251027
257583
264124
270680
277237
283781
290321
296841
303380
309901
316418
322981
329552
336102
342629
349160
355666
362157
368642
375128
381605
388082
394568
401046
407529
414005
420485
426962
433442
439928
446406
452877
459351
465820
472329
478839
485373
491907
498449
505014
511593
518148
524700
531245
537800
544393
550956
557509
564076
570648
577234
583846
590428
597025
603595
610160
616731
623322
629909
636485
643060
649632
656230
662778
669368
675917
682489
689046
695616
702164
708727
715284
721813
728363
734906
741458
748044
754630
761230
767847
774443
781029
787618
794141
800700
807226
813816
820340
826929
833513
840116
846737
853405
860026
866660
873275
879905
886505
893178
899841
906484
913146
919783
926439
933075
939745
946385
953004
959653
966274
972874
979479
986079
992671
999242
5859
12420
18988
25560
32141
38697
45272
51812
58374
64903
71459
77997
84556
91129
97722
104344
110928
117544
124140
130734
137333
143920
150531
157172
163811
170446
177087
183782
190473
197207
203973
210739
217568
224364
231162
237972
244727
251493
258306
265064
271823
278579
285347
292170
298930
305686
312420
319185
325921
332623
339352
346050
352787
359487
366185
372901
379512
386161
392777
399467
406093
412757
419367
426013
432632
439283
445923
452642
459382
466106
472817
479527
486237
492953
499673
506391
513110
519895
526633
533480
540246
547051
553829
560664
567490
574367
581212
588136
595023
601858
608666
615514
622324
629119
635923
642697
649430
656174
662962
669701
676453
683188
689904
696696
703373
710086
716754
723471
730146
736864
743542
750246
756911
763618
770283
776978
783625
790353
797094
803898
810737
817620
824427
831329
838133
845015
851889
858878
865740
872643
879517
886419
893283
900153
906994
913829
920638
927443
934212
941012
947818
954663
961501
968368
975215
982073
988911
995798
2653
9544
16424
23344
30236
37191
44166
51223
58230
65288
72317
79381
86390
93403
100409
107335
114307
121226
128161
135096
141945
148837
155601
162388
169189
176078
182939
189925
196779
203735
210584
217512
224362
231262
238080
244963
251766
258716
265657
272615
279576
286577
293584
300579
307565
314554
321492
328482
335428
342290
349270
356223
363083
369833
376623
383370
390112
396845
403514
410218
416919
423623
430280
436945
443753
450469
457226
463955
470756
477471
484236
491015
497817
504597
511376
518205
524982
531760
538520
545293
552051
558777
565543
572323
579107
585855
592639
599389
606167
612930
619812
626675
633650
640576
647389
654332
661273
668313
675262
682385
689551
696666
703806
711029
718229
725568
732878
740237
747569
754971
762366
769779
777194
784609
791914
799247
806439
813687
820881
828076
835256
842588
849860
857252
864587
872024
879354
886787
894176
901698
909081
916474
923884
931328
938718
946167
953563
960947
968328
975724
983007
990273
997541
4822
12206
19564
26898
34228
41610
48941
56352
63633
71058
78416
85893
93309
100745
108171
115532
122969
130344
137761
145140
152609
160073
167536
175038
182581
190018
197660
205058
212826
220371
228297
236262
244221
252260
260162
268145
276049
283971
291821
299841
307791
315897
323964
331967
339966
347976
355928
363949
371891
379835
387656
395591
403426
411301
419038
426911
434607
442445
450154
457984
465790
473601
481439
489348
497191
505004
512880
520753
528560
536298
543984
551833
559688
567537
575391
583246
591094
598934
606853
614846
622702
630798
638749
646996
654941
663104
671050
679142
687246
695340
703374
711607
719701
727985
736261
744525
752813
761093
769304
777547
785757
793972
802224
810554
818722
827046
835281
843679
851984
860354
868683
877011
885231
893564
901858
910096
918329
926606
934791
942863
951071
959168
967384
975557
983628
991813
999996
8226
16352
24542
32668
40883
49136
57379
65764
74138
82525
90920
99352
107792
116360
124966
133575
142176
150789
159400
168055
176717
185365
193979
202549
211163
219739
228361
236840
245365
253938
262491
271010
279601
288118
296776
305299
313845
322430
331053
339662
348310
356931
365533
374009
382584
391038
399609
408009
416568
425138
433943
442616
451327
459917
468578
477278
485900
494558
503230
511840
520468
529129
537701
546241
554912
563445
572062
580722
589569
598282
607154
615894
624729
633431
642321
650977
659760
668456
677204
686008
694815
703654
712339
721094
729847
738601
747502
756248
765071
773841
782636
791408
800268
808987
817930
826576
835584
844266
853223
861965
870974
879890
888853
897803
906804
915557
924655
933607
942760
951616
961024
970058
979293
988305
997295
6337
15336
24336
33288
42335
51484
60473
69675
78658
87868
96915
106056
115242
124319
133616
142859
152140
161431
170825
180159
189607
198836
208273
217391
226785
236078
245462
254791
264206
273567
283029
292510
301958
311398
320941
330395
339737
349304
358638
368076
377445
386987
396423
405962
415395
424992
434447
444046
453436
463100
472557
481971
491508
501202
510737
520228
529827
539197
548736
558227
567761
577297
586773
596429
606010
615533
625284
634924
644402
654049
663564
673203
682728
692366
702052
711575
721273
730887
740623
750403
760388
770088
780059
789709
799850
809682
819342
829259
839166
848823
858726
868588
878535
888407
898528
908376
918657
928500
938699
948732
958835
968812
979044
988779
998924
8938
19013
29163
39408
49291
59510
69464
79776
89884
100057
110070
120151
130349
140498
150726
160898
171018
180999
191287
201354
211241
221612
231624
241797
251939
262408
272546
282821
292990
303557
313533
324019
334294
344568
354958
365375
375722
386265
396705
407281
417579
428155
438430
449017
459319
469914
480123
490711
500842
511240
521537
532062
542234
552541
562867
573180
583386
593756
604003
614097
624603
634899
645290
655718
666372
676958
687532
698162
708591
719007
729737
740309
750929
761296
771953
782361
793064
803264
813969
824409
834845
845299
855497
866068
876246
886646
897029
907513
917793
928262
938523
949146
959559
969873
980033
990588
1388
11795
22376
33055
43775
54424
65121
75498
86418
96941
107575
118352
129094
139778
150485
161246
172364
182960
193690
204366
215681
226312
236973
247724
258632
269314
280204
290902
302129
313050
324101
335082
346123
357175
368008
379303
390180
401412
412336
423448
434603
446070
457016
468237
479518
490495
501755
512941
524375
535460
547082
558125
569660
580654
591733
602889
613971
625252
636307
647335
658706
669993
681681
692753
704035
715451
726825
738183
749458
760981
772664
783987
795655
807207
818612
829977
841616
853277
864599
876094
887744
899448
911229
922975
934814
946682
958694
970785
982724
994755
6652
18610
30659
42560
54556
66613
78436
90677
102865
114869
126872
138853
151266
163170
175360
187450
199579
211363
223761
235970
248268
260170
272624
284888
297287
309022
321232
333551
345818
358212
371152
383650
396508
408411
420653
433085
445680
458193
470832
483331
495573
508098
520560
533318
545850
558500
571334
583795
596475
609135
622386
635198
648067
660805
674156
686804
699497
712002
724913
737737
750468
763558
776606
789404
802532
815560
828621
841072
854204
867091
879977
892495
905684
918877
932093
945174
958546
971354
984449
997530
11062
23767
37194
50311
63346
76010
89420
102455
115702
128914
142451
155337
168445
181509
194968
207827
220956
234361
247895
261475
274996
288527
301832
315724
329505
343392
357118
371231
384284
397757
411263
425100
438319
452289
465972
479633
492835
507121
521038
534806
548901
562479
576978
590327
603696
617543
630825
644939
658933
673230
687459
701183
715078
728683
742693
756281
770516
784538
799124
813782
827656
841036
854412
868566
882158
896739
910972
925963
939936
954226
968308
982063
996539
10588
24969
39704
54323
68248
82323
97057
111640
125812
140191
154712
169103
183526
198286
212481
226788
241186
256694
271359
286326
301367
315561
330487
345228
360579
375749
390432
405872
420409
435446
450738
466364
482004
497969
512769
528631
543638
559086
574106
589137
604128
619040
634626
650062
665700
680061
695202
710974
727076
743068
758864
774210
789620
805776
822143
837680
853593
869227
885101
900551
915820
931513
947408
963477
978631
994675
10956
27519
43821
59100
75021
90596
106925
123526
139424
155003
171181
187465
203175
219366
235787
252341
269056
284968
301435
317871
334837
350889
368469
384631
401171
418044
435381
451935
468743
484680
501681
518111
534850
552267
569834
587405
604883
622790
639292
655489
673416
690919
707854
725502
742956
760099
778656
795845
812862
830768
848171
865596
882608
900847
918379
936547
955092
973224
990937
8485
26423
44636
62880
81919
100579
118754
135645
154597
174093
193264
211229
229705
248748
268400
287588
307146
326017
345728
363843
382240
400938
420360
438641
458172
477890
497435
517817
536190
555673
576365
596518
616526
636853
656844
677102
696479
715363
735980
755102
774287
793900
814142
835090
856028
876520
896249
915878
936000
956224
976898
997910
19584
40163
62418
81610
102762
122704
142664
162677
182668
203698
226147
247714
269850
292233
316306
338436
360402
381917
404271
426024
447130
468424
490641
513131
537189
560294
583999
607856
630891
653940
676467
699356
722133
745402
768453
790853
816381
841405
867298
892534
916484
940877
965204
990427
14399
39032
61820
83919
107073
131298
156798
182626
208938
234681
262283
289127
315551
341587
367766
394678
418893
443240
469185
494031
518919
543711
568282
594406
621658
646718
673865
701410
728012
755689
780081
805915
830680
855716
881134
908582
936549
964952
990058
14174
41241
67565
95874
122638
148765
172849
198481
225618
250322
277082
303121
326892
354508
382888
410699
438034
464807
492028
520527
547485
573310
599623
627249
654561
682212
709709
737563
766175
792352
818009
846414
875028
903649
934045
961152
990012
17962
47107
77234
106544
135154
163204
191404
217776
246472
274776
307018
332811
360760
389858
419575
448762
476855
505073
535214
563395
591038
617422
644892
671200
700050
727542
754354
781492
809122
835908
865565
892330
917439
944273
972671
999835
27902
56105
83774
109484
136913
161898
186031
211731
238471
265080
289693
315878
342898
369492
395538
424918
452682
484231
514301
544013
573675
601384
628374
655704
681091
707080
733046
760311
786307
811916
836964
862092
887258
912394
937117
961805
986048
10571
33553
57313
82913
106762
131337
154287
178054
201818
226053
249011
273654
298994
324372
348476
371787
393453
416403
440460
464159
485403
507836
529869
553491
576387
598416
621273
643323
665744
689010
713143
736034
757339
779869
803202
826976
851583
875414
898462
921441
945281
966647
988499
12361
35317
58189
78617
101855
125095
147929
170337
191800
213705
236048
258709
282220
303687
324731
347392
370105
392737
414575
437633
461078
482997
506561
531350
553246
574310
596214
618878
643136
665012
685706
707594
731838
755800
776853
797897
819309
841873
865660
887814
908327
929234
951767
976320
997304
18684
40924
63970
87802
111208
132996
154815
176581
200376
223682
246247
267575
288115
310538
332912
354013
376676
397347
419563
441378
460852
482605
503595
523408
546370
568183
589201
611009
632507
653521
673773
694843
716687
737358
758805
780720
801420
822123
842371
864147
884748
907356
928792
949852
969328
989955
10160
30716
50506
71417
91535
112036
132486
153675
173336
193852
214686
235554
256755
277611
297716
317815
337898
358826
378122
398588
418298
439535
460726
482674
503125
523974
543618
564455
586439
605663
626779
646007
667061
687384
708373
728548
747551
768767
789638
810859
832459
852079
873534
893121
913441
932653
952227
971459
991393
12085
32414
51960
71170
92663
112607
133283
154327
173869
194129
212910
232794
253375
273223
293050
312159
331256
351077
370903
390723
409442
429615
448666
467688
487809
507176
526157
545081
564760
585560
604141
623849
643548
662490
682162
701145
720100
739081
758438
778477
797082
816086
836108
854703
873596
892478
912099
931003
950259
969567
988862
7442
27085
46721
65299
84904
103789
123426
141962
161917
180802
200067
218574
238117
257278
276808
295617
315162
334338
354209
373345
392094
410864
429988
448430
467608
486048
505555
525022
545629
564771
583885
603768
621833
640968
661928
681496
699600
719064
737852
757064
776996
795816
814333
833882
853073
872237
890682
909874
928333
947511
966669
985093
4586
23735
43560
62338
81410
100113
119874
139659
159424
177762
196455
215102
234136
253858
273175
292476
310730
328635
346537
364441
383437
402106
423166
442477
461755
481036
501009
520583
540507
560024
579204
598402
618676
639614
658421
676882
696061
716646
736607
754731
773913
793784
814090
831857
851354
869809
888955
906708
925527
943612
963096
982823
2559
21573
39563
57123
75361
93272
111168
129426
147674
165903
183415
201307
219193
236736
254638
273243
292528
311439
329995
349239
368812
388348
406825
425299
444474
463293
481427
499574
518373
536495
555318
573842
591964
610104
628588
647749
665538
684398
702225
721082
739552
758037
776145
794896
813699
832086
849780
867811
885499
903537
921904
940268
958996
977032
995385
13063
31788
50816
69525
88853
107187
126542
145836
163802
182414
200387
218336
235565
253494
271410
290017
308269
326511
344078
362370
379953
398196
416111
434046
451607
468836
487086
505048
522981
540212
557817
575734
593650
611202
629089
647004
664920
682819
700661
718530
736037
753857
771031
788207
805395
822967
840513
858053
875238
892411
909607
926791
943983
961188
978336
995809
13315
31485
48974
67427
85582
103749
121915
140080
158242
176768
194989
213147
230974
249147
266649
285491
303044
321228
339049
356866
374358
392192
409670
427132
444926
462043
479125
496249
513760
531899
550015
568110
585521
602600
619635
636999
654052
671103
688148
705541
722910
740289
757643
775344
792385
809805
826838
843850
860820
877769
894734
911671
928611
945522
962794
980062
997603
14869
32110
49006
65896
82794
99637
116440
133259
150398
167550
184353
201153
218271
235051
251811
268583
285704
302465
319604
336734
353862
370991
388047
405084
422116
439130
456101
473099
490092
507429
525439
543132
561129
578492
596163
613855
631212
648554
665290
682004
699062
715802
732875
749931
767312
784028
801077
818484
835500
852196
868868
885874
902881
919899
936592
953296
970306
522467
547460
560699
574034
586364
600722
613674
627443
641096
654545
668064
681823
695486
709001
724161
737095
750983
764786
778551
792217
807509
820231
833783
847951
862084
876494
891208
905271
919188
933175
948151
962306
976557
991614
5770
20974
34948
49145
64314
78577
93188
108308
122562
138033
152430
167665
181861
197652
211871
227643
241890
257651
272288
287689
303006
318470
334332
349193
365252
381012
396339
411843
427683
443106
458676
474772
489806
505727
521474
536474
552345
568570
584391
601050
617711
633320
649095
665329
681525
697715
714474
731148
746620
762555
778949
796676
813169
829837
846512
863175
879840
896510
913173
929842
946527
963215
979895
996586
13245
29938
46627
63284
79998
96669
114484
131147
148100
165316
182212
199668
217589
235070
253004
271482
288965
307816
325588
344480
362273
381155
399009
417898
435664
454937
473195
491814
509925
528475
547300
565112
583238
603174
621552
640030
658491
677309
695508
714533
732453
751574
771240
790975
810650
829817
848886
868526
888287
908123
927915
947663
967640
987646
7291
27734
47644
67649
87653
107654
127657
147660
167959
188713
208997
229011
249672
270649
291287
311325
331332
352182
374138
394631
415115
435826
457320
478018
498911
519846
541530
562968
584428
606336
628204
649229
671237
693162
714886
736522
758228
780793
802968
824408
847192
868697
891357
913941
935183
958030
981092
3937
26301
48556
71378
94641
117305
138869
162184
185511
207726
231059
253609
276718
298529
321073
344179
367512
390279
413614
436952
460283
484431
507765
531105
554439
577778
601114
624446
647784
671121
694475
717973
741140
764471
787918
811259
834566
858697
881252
904723
928051
951390
974729
998025
21362
44742
68075
91413
114750
138089
161426
184761
208102
231276
254777
278112
301446
324784
347961
371461
394802
417968
441477
464806
488145
511872
535983
558949
582104
605982
629316
654880
679318
703905
728186
753352
778190
802651
827961
853350
878212
902651
927645
953351
978227
2650
28030
52652
77929
103353
128252
153736
178686
203932
229320
254932
280449
306960
332652
358281
384360
410609
437148
463777
490050
515985
542651
569321
595985
622657
649321
675988
702653
729322
755988
782183
810040
836982
863832
890492
918064
944939
971590
998846
25506
53683
81426
108856
137019
164769
193354
221109
248307
277320
303890
332653
361119
390026
420029
448439
477334
505992
534471
562658
591795
621154
650366
678164
707824
736692
766694
796702
825166
854525
883744
913359
943369
971525
377
30694
60413
91516
121535
151524
181526
211531
241534
271537
301540
331552
361551
391556
421560
451567
481558
511565
541567
571576
601573
631588
663707
693707
724927
757048
788266
820377
851608
881622
911618
941651
971691
1627
33741
63724
93719
123723
155003
187083
218356
250415
281687
313750
347083
378371
410423
441707
473757
505053
537092
568389
600424
631720
663758
695056
727094
760434
791744
823767
855078
887100
918426
950439
983365
15104
47109
78447
110441
141774
174699
207108
238454
271376
303782
335131
367115
398479
430450
461816
493793
525176
557183
588515
621664
653640
686919
718116
751679
784779
818122
852463
884987
918317
951465
985010
18130
51495
84833
118352
151497
185022
218167
251506
283955
317292
350277
383605
416939
450272
483618
516944
550277
583622
616947
650284
683613
716955
750287
784258
817329
850654
883990
918251
951811
985128
18510
51600
85178
119183
151861
184962
218522
251861
284974
318536
351874
384985
418555
451649
485010
518334
551674
585039
618348
651689
685020
718363
751710
785057
820159
853486
886831
921729
955056
990177
24748
58401
91737
125072
158414
191754
225092
260169
295102
328438
361784
395112
428450
461772
495134
530184
565137
600194
635143
670189
705147
740195
775153
810201
845164
880208
915222
950205
985181
20964
55315
90218
127048
161991
198690
236521
274860
313188
348184
387653
427041
466525
505990
543723
583193
622656
660417
699861
739326
776524
815274
854361
892655
929870
969332
9323
48640
87702
125348
164955
203208
243717
284387
327048
367739
410385
453716
494411
537053
579328
621111
662668
704420
747064
787761
830403
872671
916009
959338
2675
47073
90417
133746
176012
219341
262686
306003
349341
392671
436004
479337
522670
566007
607815
650414
693755
736001
779342
822678
866012
909343
952682
994517
37109
80442
123792
167111
211199
254561
297860
340445
384547
427878
470455
513788
556025
599352
642685
687137
730479
774570
817915
861256
903832
946022
989353
32681
74588
117972
160528
203827
247200
290499
333833
377176
421296
466016
509353
552675
596022
639346
682688
726014
768001
810515
853836
896047
938031
980498
23276
66037
108036
150514
192740
236069
278073
320557
363855
407208
450413
492816
536153
579347
622693
666612
710427
753915
797235
840615
883902
927485
970437
13787
57261
99966
143310
186632
229414
272769
316644
360455
403798
448107
491552
534872
578241
621582
666651
712966
758255
801628
848301
893950
937158
982834
27166
72841
118337
164880
210580
256298
301539
347280
392716
439385
486049
531541
577282
623364
669599
716062
762724
810255
856706
903869
950554
996726
43880
90549
138260
186052
233940
280550
329391
378269
427260
474951
523911
572725
620590
670063
718324
767274
814980
863966
911655
960699
9400
58339
107405
156748
205036
254026
302734
351699
399397
448362
496767
545038
593429
641707
690106
739407
787476
836070
884133
932740
981740
32746
81743
131061
180167
229460
278446
327576
376847
426844
476830
526131
576102
625322
675199
725237
775206
824483
873511
922874
971908
22054
72835
123880
174487
224569
274467
324590
375390
426207
476987
527836
578817
630175
681275
733885
785404
837920
890548
941249
993513
46850
100563
153894
206280
259421
312947
365496
419428
472768
526091
579674
632982
686342
740207
793532
847266
900581
953930
8703
62762
118761
173116
226898
282044
336445
389772
444752
498770
553151
608095
662057
716483
770290
823602
878760
933610
988777
45440
102131
157497
213589
269858
326945
383589
440378
498812
556539
613645
672170
732171
792171
852170
913615
975507
36936
100277
162783
223615
286955
349432
412773
476956
540280
602772
663641
726110
786962
849447
912771
973633
36964
99434
160342
222771
283642
346109
407019
469440
530338
592776
656119
719445
780333
842778
906119
967007
29448
92787
153780
217018
279449
340346
402784
463691
526115
587017
649458
712821
773702
836115
897102
959453
20391
82789
143707
207043
270382
332873
396141
459708
522788
583733
647136
710526
773217
836459
900002
963216
27069
90434
153790
217109
280449
343785
407125
470456
533798
597149
