0.004220
0.004683
0.008349
0.004269
0.004239
0.006296
0.004255
0.004282
0.004301
0.004206
0.004203
0.004208
0.004202
0.004213
0.004217
0.004209
0.004213
0.004244
0.004210
0.004211
0.004206
0.004207
0.004191
0.004211
0.004203
0.004260
0.004263
0.004252
0.004257
0.004290
0.004228
0.004292
0.004291
0.004220
0.004247
0.004313
0.004300
0.004232
0.004228
0.004224
0.004272
0.004267
0.004219
0.004262
0.004300
0.004245
0.004227
0.004232
0.004259
0.004254
0.004237
0.004239
0.004231
0.004254
0.004251
0.004307
0.004337
0.004357
0.004328
0.004255
0.004246
0.004275
0.004264
0.004301
0.004231
0.004334
0.004327
0.004353
0.004348
0.004338
0.004325
0.004349
0.004349
0.004335
0.004511
0.004368
0.004336
0.004360
0.004288
0.004255
0.004293
0.004271
0.004302
0.004276
0.004317
0.004309
0.004268
0.004318
0.004279
0.004308
0.004266
0.004305
0.004274
0.004309
0.004272
0.004308
0.004277
0.004326
0.004271
0.004319
0.004299
0.004362
0.004310
0.004362
0.004385
0.004299
0.004336
0.004289
0.004347
0.004312
0.004371
0.004303
0.004321
0.004348
0.004319
0.004347
0.004373
0.004322
0.004377
0.004393
0.004331
0.004393
0.004407
0.004413
0.004340
0.004394
0.004439
0.004430
0.004440
0.004420
0.004403
0.004404
0.004456
0.004443
0.004447
0.004415
0.004421
0.004440
0.004433
0.004467
0.004427
0.004471
0.004450
0.004475
0.004467
0.004452
0.004483
0.004498
0.004445
0.004471
0.004505
0.004443
0.004471
0.004473
0.004470
0.004469
0.004467
0.004480
0.004554
0.004528
0.004496
0.004476
0.004501
0.004556
0.004555
0.004544
0.004524
0.004540
0.004527
0.004578
0.004588
0.004566
0.004731
0.004538
0.004595
0.004581
0.004577
0.004588
0.004618
0.004602
0.004615
0.004588
0.004636
0.004610
0.004597
0.004627
0.004598
0.004634
0.004625
0.004689
0.004713
0.004692
0.004634
0.004624
0.004667
0.004654
0.004609
0.004641
0.004672
0.004616
0.004607
0.004634
0.004650
0.004638
0.004702
0.004697
0.004650
0.004717
0.004698
0.004715
0.004738
0.004674
0.004683
0.004679
0.004684
0.004765
0.004742
0.004744
0.004748
0.004774
0.004793
0.004742
0.004767
0.004791
0.004769
0.004741
0.004800
0.004763
0.004801
0.004770
0.004789
0.004823
0.004856
0.004863
0.004818
0.004836
0.004817
0.004872
0.004833
0.004864
0.004852
0.004859
0.004886
0.004860
0.004851
0.004910
0.004864
0.004930
0.004921
0.004884
0.004951
0.004928
0.004918
0.004982
0.005006
0.005106
0.004976
0.005048
0.005007
0.005031
0.005099
0.005045
0.005071
0.005108
0.005067
0.005056
0.005080
0.005091
0.005084
0.005082
0.005086
0.005185
0.005157
0.005213
0.005198
0.005185
0.005179
0.005256
0.005237
0.005248
0.005217
0.005227
0.005247
0.005213
0.005225
0.005216
0.005215
0.005302
0.005251
0.005303
0.005319
0.005273
0.005248
0.005296
0.005321
0.005349
0.005379
0.005326
0.005374
0.005393
0.005379
0.005385
0.005382
0.005409
0.005468
0.005468
0.005449
0.005510
0.005583
0.005547
0.005533
0.005506
0.005565
0.005597
0.005557
0.005534
0.005519
0.005535
0.005416
0.005518
0.005538
0.005571
0.005536
0.005540
0.005571
0.005625
0.005626
0.005665
0.005692
0.005726
0.005761
0.005720
0.005667
0.005737
0.005847
0.005811
0.005864
0.005963
0.005875
0.005946
0.005889
0.005946
0.005936
0.005957
0.005996
0.006021
0.005871
0.005967
0.005978
0.006006
0.006036
0.006103
0.006134
0.006176
0.006182
0.006294
0.006292
0.006302
0.006376
0.006383
0.006479
0.006499
0.006593
0.006558
0.006782
0.006667
0.006678
0.006749
0.006828
0.006821
0.006854
0.007007
0.006985
0.007058
0.007230
0.007089
0.007137
0.007182
0.007157
0.007137
0.007156
0.007186
0.007303
0.007179
0.007247
0.007315
0.007309
0.007235
0.007243
0.007268
0.007293
0.007204
0.007179
0.007141
0.007100
0.007096
0.007023
0.007064
0.007242
0.007158
0.007242
0.007216
0.007163
0.007181
0.007184
0.007276
0.007326
0.007274
0.007271
0.007177
0.007203
0.007136
0.007098
0.007063
0.007068
0.006991
0.006986
0.007036
0.007008
0.006954
0.006971
0.006966
0.006924
0.006917
0.006977
0.006962
0.006934
0.006913
0.006905
0.006916
0.006953
0.007009
0.006840
0.006870
0.006898
0.006856
0.006877
0.006935
0.006866
0.006872
0.006873
0.006901
0.006882
0.006883
0.006859
0.006851
0.006851
0.006881
0.006842
0.006851
0.006852
0.006871
0.006878
0.006861
0.006849
