764398
772355
780826
790802
798929
806821
816717
825983
836832
846713
857494
866722
877527
887460
897533
907458
918652
929085
939442
949770
960161
970816
980830
990827
847
10899
20893
32107
42790
53597
65484
75856
86262
97361
109691
119995
132177
142921
154120
165485
176275
187466
198832
209589
220804
232163
243210
255507
267449
278841
289885
302180
313237
325516
337361
348857
359020
370589
382893
393597
405941
417541
429193
440856
452246
463550
475577
487498
499293
512205
524170
536033
548885
560839
572717
585572
597507
609616
622528
635585
647569
659669
672726
685616
700160
712830
725635
737687
749917
762776
775894
789234
802571
815910
829240
842585
855946
869280
883090
896430
910696
924133
937468
950817
964153
978744
992660
6520
19858
33200
46541
59880
73216
86735
100897
114234
127567
140899
154236
167597
182165
196070
211448
225504
239530
253554
267582
282187
296630
310921
325530
340045
354295
369404
385660
400066
415481
430251
445483
460667
474786
489510
505236
520159
535240
550136
565239
580655
595778
611908
628318
643993
659575
675184
691652
707319
724984
741654
758322
773987
789642
805657
822325
838987
855935
872380
889160
904675
921469
938330
955083
969990
984684
1958
18630
35160
51653
69131
86450
103057
119764
136399
153107
170794
189071
208337
226466
245004
263162
281698
299808
318364
336505
354036
372444
391702
409875
428368
445790
465035
482475
501702
519903
538372
556581
575043
593255
611710
629939
648362
666602
685029
703277
722371
741702
759969
778374
796637
815092
833556
852527
871714
890014
908699
927322
945899
965160
983520
2673
21927
40654
59407
78612
97319
116131
135287
153986
172807
191959
210651
229483
248625
268627
287316
306159
325298
345299
363988
382839
401964
421968
441976
462294
481986
502297
522879
542894
562878
582889
603234
623227
644746
665320
686329
706585
728074
750591
771753
792942
813986
835329
856271
877322
898665
919607
941425
962948
984580
6905
28255
50235
72224
93574
115553
137916
159236
181255
202583
224590
246322
268272
290242
311978
334596
356909
378928
400236
422285
443573
465610
487949
510239
532203
553665
575650
597962
620236
642321
664631
687965
711297
734632
757971
782359
804641
828010
851340
874701
898265
921596
944937
967948
991381
14976
38488
61181
83141
104739
128745
152398
175414
198332
222464
245773
269077
292756
315855
339436
362114
385423
408766
432515
456201
479619
504761
529619
555086
579633
603294
628208
652697
679554
706230
732894
759569
786237
812898
839569
866256
892920
919585
943375
969589
996257
22932
49595
76317
102939
129606
156303
180039
206288
232952
259646
286294
312958
339634
366334
392977
419668
446322
473011
499670
526330
553012
579678
606362
633021
659742
686360
713022
739708
766368
793059
819694
846390
870790
898470
925135
952678
978087
3071
29732
56409
82693
109770
136417
163102
191810
219370
246429
273185
301424
328481
356442
382119
409794
436451
463127
489811
516474
543152
571841
599800
626485
655154
683172
711836
739416
766385
793178
821860
849857
878497
906316
935226
963193
992040
19938
48511
77542
105640
133047
161912
189946
218513
246553
275596
303310
331850
359908
388603
416402
445192
473287
501673
529933
558343
586593
615317
643273
671885
699983
728530
756628
785208
813117
841695
871936
899981
928929
956472
985268
14006
42273
70728
98967
126508
155250
183420
211932
239877
268616
297400
326538
355054
383460
411727
439881
468913
498639
526562
555056
583544
613240
641730
671758
701730
731736
759940
789950
818408
848411
876631
906668
936640
966620
995816
25085
55086
85093
113308
143327
171776
201778
231769
261767
291767
321769
350011
380017
410026
440032
468433
498440
528444
558443
586710
616717
646722
676796
706731
736736
768457
798464
830082
860102
894223
925141
956777
990695
24771
58618
92520
121827
155858
185200
219747
254222
284793
319206
354226
388663
422550
454778
489285
520892
551446
585373
618703
650899
685277
718503
751943
786465
821844
855174
889278
924797
961962
996013
32621
67578
105318
142003
179395
215952
252622
289314
327579
365383
404251
442003
480932
518666
556006
594252
632006
670922
709360
747594
786143
824263
862032
900923
939213
977600
15359
52708
90923
128692
167589
205363
244267
282113
320924
358704
397603
436116
474247
512750
552031
590937
630928
669430
708736
747597
787602
827636
866109
905487
945608
984354
24275
64265
104271
145435
185440
224275
264273
304268
342817
382129
422071
460915
499502
538763
577616
616359
655434
694365
734304
774301
814322
852939
892020
930929
970436
9694
49612
88750
128774
167605
206383
245441
284451
324456
364424
405638
445623
485592
526480
565632
606461
646321
687654
728883
770250
811563
853616
893654
935711
976943
20280
61575
104401
145418
186980
229687
272397
314919
358262
402092
442511
484382
525446
567794
611238
652107
694335
735440
777787
822135
866640
912138
956661
4345
52215
95706
138907
182145
225556
268805
312261
355478
398806
441642
485495
531723
574960
619859
664973
709876
755475
799010
843185
888288
934302
977633
23191
67664
111638
155511
200343
244312
288904
332182
376536
420971
465553
508927
553198
598440
642211
685589
729888
773246
818932
862300
907664
951720
996677
40973
87633
132298
176591
222348
266620
311701
356607
401217
446719
491108
536660
581716
626646
671025
716711
761714
807753
852554
897698
943438
989284
35415
81724
129280
175059
221708
267725
314413
359349
405544
452124
498465
546110
592064
639266
684421
732083
778385
826186
872819
921728
969445
16121
63647
113054
161241
209376
257006
305462
354321
402106
451009
500236
548857
596871
646236
694535
743550
792191
841745
