709873
765034
772939
781589
791363
799481
807584
817333
826553
837589
847491
858136
867497
878173
888229
898159
908245
919204
929640
940011
950451
960924
971589
981582
991588
1604
11651
21648
33226
43386
54363
66049
76419
86874
98090
110378
120760
132738
143527
154834
166048
176892
188172
199394
210185
221509
232724
243950
256068
268092
279408
290603
302742
313965
326086
338088
349425
359574
371152
383473
394356
406749
418229
429750
441559
452806
464311
476140
488190
499852
512763
524861
536587
549445
561529
573279
586132
598207
610214
623083
636171
648260
660311
673292
686174
700751
713392
726196
738344
750712
763357
776501
789815
803160
816482
829831
843162
856535
869857
883804
897108
911392
924780
938137
951475
964820
979322
993254
7243
20671
33966
47286
60646
73961
87544
101534
114901
128204
141563
154879
168263
182741
196702
212063
226108
240143
254348
268244
282796
297424
311595
326166
340869
354977
370010
386271
400883
416105
431075
446114
461294
475411
490144
505858
520780
535868
550811
565887
581279
596445
612575
628946
644618
660222
675856
692275
707992
725657
742329
758955
774661
790306
806387
823055
839719
856628
873074
889808
905327
922167
939020
955776
970692
985380
2646
19314
35919
52418
69830
87163
103732
120475
137145
153823
171486
189765
209081
227245
245764
263990
282420
300727
319075
337332
354976
373173
392415
410647
429304
446634
465887
483242
502465
520690
539089
557316
575715
594049
612497
630798
649152
667458
685816
704084
723108
742435
760663
779121
797456
815974
834436
853414
872504
890810
909595
928191
946818
966041
984503
3672
22838
41708
60298
79560
98190
117016
136190
154875
173660
192774
211467
230304
249483
269414
288205
306984
326107
346055
364753
383711
402799
422842
442880
463265
482836
503166
523670
543755
563753
583976
604167
624295
645780
666482
687351
707726
729185
751651
773046
794146
815176
836533
857346
878802
899867
920825
942751
964025
986002
7986
29502
51165
73207
94762
116616
138826
160149
182083
203305
225438
247285
269131
290991
312821
335449
357774
379795
401112
423041
444483
466393
488672
511039
533059
554415
576376
598871
621023
642976
665374
688694
712166
735501
758663
783169
805424
828802
852140
875415
899003
922277
945951
968792
992296
15878
39214
62104
84039
105650
129823
153228
176331
199240
223366
247072
270050
293511
316847
340233
363231
386241
409649
433543
456957
480503
505943
530664
556077
580466
604415
629268
653858
680462
707317
733822
760626
787389
813802
840308
867379
894356
920789
944486
970482
997374
24289
50711
77407
104052
130649
157440
181054
207341
233950
260569
287306
313955
340650
367370
394323
420799
447336
473979
500739
527316
554236
580729
607377
634046
660866
687645
714205
741038
767447
794105
820776
847378
872191
899598
926516
954069
979130
4038
31244
57488
84130
111016
137585
164826
193022
220765
247640
274729
302729
330008
357680
383733
410956
437677
464456
491041
517641
545171
573418
601090
628050
656353
684865
713012
740501
767922
795189
823312
851504
879875
907747
936554
964981
993392
21316
50271
78903
106733
134453
163462
191611
219874
247962
276814
305074
333236
361473
390557
418075
446873
474824
503306
531234
559647
587921
616608
644736
673417
701158
729557
758086
786713
814306
843143
873301
902196
930209
957850
986860
15404
43859
71967
100065
127755
156973
184964
213476
241411
270341
299503
328265
356569
384908
413123
442149
471180
500120
527772
556681
585630
614751
643791
673769
703776
733452
761999
791632
820503
849929
878800
909185
938622
968157
997565
27438
57398
86653
115143
145026
174022
203552
233768
263711
293985
323520
352163
382353
412384
441575
470731
500378
530648
560177
588514
619207
648916
678721
708787
738821
771421
800634
831820
861898
896000
927298
958782
993149
26999
60831
94454
124139
158148
187377
221886
256416
287431
321893
355917
390959
424549
457254
491068
523161
553759
586985
621059
653162
688028
720422
754210
789042
823543
857571
891656
927264
964262
998392
34953
70119
107728
145004
181815
218646
254958
292521
329991
368774
407031
445587
484273
521625
559474
597323
635061
674523
712452
751420
789415
827530
865705
903017
942004
980755
17972
56120
93634
131869
170801
208988
247447
285795
323641
361641
401183
439072
477852
516695
555445
594987
634598
673156
712447
751567
791719
830954
870078
909493
949174
988938
28788
68559
109528
150284
188807
228697
268457
307434
347199
386143
425531
464378
503083
541684
581076
620552
658731
698366
739035
778709
817545
857067
895260
934087
974562
13910
53491
93224
132280
171183
210019
248770
288553
328694
369461
409479
449460
490391
530357
569765
610496
650447
692564
733582
774368
816909
857742
898484
940076
981843
25325
67180
109189
150187
191788
234695
277468
319071
363469
406178
447754
489289
530345
573347
615958
656526
699474
740737
783688
828283
873019
919176
964876
11855
57397
101006
144019
187594
229953
273131
316974
360010
402846
447057
491896
535802
580363
624956
670161
715150
759810
803306
847918
893655
937814
982161
27640
71108
115170
160331
204386
248452
292375
336422
380919
425306
469232
513754
557818
601951
645903
689618
733282
778643
822574
866304
911584
955591
655
45525
91528
136503
181786
226311
271067
316286
359993
405649
450911
495355
541249
585953
630868
675180
720660
766323
812102
856930
901230
947810
993740
41290
86393
134049
179162
225530
271515
317776
363142
409068
456258
502120
549277
596187
642509
688225
735211
782703
829735
877007
925648
972879
19627
67486
117735
165320
213540
261527
309153
357448
405818
454849
503751
552172
600817
649964
697806
747335
796188
