0.074629
0.002315
0.007478
0.001794
0.001803
0.001805
0.001836
0.001793
0.001808
0.001834
0.001776
0.001786
0.002076
0.001770
0.001967
0.001918
0.002181
0.001816
0.001825
0.001772
0.001778
0.001795
0.002066
0.001769
0.001934
0.001943
0.001954
0.005005
0.004855
0.005106
0.004882
0.005021
0.004865
0.004992
0.004812
0.004984
0.004868
0.004972
0.004877
0.004990
0.004777
0.008052
0.008061
0.008205
0.007816
0.008224
0.007909
0.008225
0.007579
0.007328
0.007542
0.007269
0.007538
0.007529
0.007471
0.010806
0.010271
0.010647
0.009901
0.010607
0.010015
0.010259
0.010321
0.010557
0.010333
0.010442
0.010056
0.010642
0.007346
0.007482
0.007245
0.010381
0.010259
0.010490
0.013039
0.013309
0.013466
0.013835
0.013692
0.013604
0.013768
0.016806
0.017418
0.020230
0.019750
0.014206
0.014440
0.014268
0.014069
0.014539
0.014212
0.014379
0.016892
0.016744
0.017256
0.019891
0.016943
0.014046
0.014326
0.013814
0.014184
0.019845
0.019259
0.019347
0.020256
0.019653
0.020239
0.019846
0.025648
0.025978
0.025619
0.025809
0.028685
0.028446
0.031743
0.031004
0.031713
0.030562
0.037345
0.040250
0.039916
0.040060
0.043818
0.045293
0.051808
0.048365
0.046311
0.045738
0.046728
0.051378
0.060985
0.060781
0.060868
0.056983
0.063626
0.062832
0.071037
0.066180
0.076639
0.082819
0.074824
0.089423
0.092379
0.106419
0.101227
0.110387
0.106681
0.106337
0.112044
0.115876
0.100028
0.095503
0.103451
0.104737
0.105709
0.103385
0.107852
0.111964
0.131424
0.124783
0.110559
0.119023
0.147421
0.140207
0.146881
0.139317
0.169347
0.176643
0.195145
0.186269
0.202489
0.212237
0.271121
0.258344
0.208685
0.214532
0.218486
0.229209
0.240551
0.240998
0.233014
0.211852
0.197353
0.204758
0.199960
0.202968
0.214759
0.212733
0.207974
0.205071
0.203955
0.195281
0.194522
0.188641
0.192364
0.195435
0.195444
0.190563
0.191857
0.191169
0.196292
0.188915
0.186361
0.183291
0.183084
0.183494
0.182909
0.185438
0.186039
0.180253
0.181432
0.177282
0.177437
0.182158
0.183273
0.186921
0.179423
0.181616
0.180438
0.183666
0.182418
0.182461
0.187305
0.184962
0.186598
0.185935
0.188372
0.183699
0.178138
0.181190
0.177618
0.186039
0.179926
0.185683
0.180714
0.183218
0.175898
0.183818
0.183373
0.185337
0.184106
0.185804
0.183847
0.187126
0.182500
0.184835
0.185413
0.190622
0.186126
0.193538
0.185983
0.189942
0.186686
0.187414
0.189473
0.186591
0.187075
0.185368
0.192007
0.186224
0.186117
0.184193
