10350
12823
15207
17604
19905
22295
24668
27044
29419
31793
34156
36535
38878
41262
43561
45854
48218
50596
52957
55330
57702
60796
63189
65511
67891
70264
72636
74933
77244
79610
82004
84378
86784
89145
91516
93867
96231
98622
100974
103364
105735
108098
110447
112811
115175
117552
119915
122271
124573
126946
129325
131706
134104
136424
138795
141183
143562
145929
148307
150687
153067
155463
157831
160880
163740
166137
168507
170868
173252
175552
177914
180208
182586
184965
187307
189661
192031
194407
196766
199063
201442
203751
206134
208510
210802
213105
215482
217804
220176
222560
224912
227288
229653
232033
234384
236768
239164
241544
243860
246229
248538
250916
253315
255681
258043
260937
263325
265689
268064
270452
272773
275162
277559
279916
282225
284630
287009
289388
291763
294166
296537
298921
301291
303683
306381
308779
311156
313534
315902
318278
320652
323049
325363
327672
330053
332374
334747
337132
339512
341816
344198
346699
349268
351642
354023
356403
358941
362280
364769
367157
369460
371829
374212
376603
378902
381281
383663
386029
388417
390800
393178
395550
397919
400300
402663
405035
407376
409745
412135
414515
416893
419294
421643
423976
426278
428581
430969
433340
435711
438081
440481
442844
445219
447593
450363
452689
455068
457453
460356
462753
465137
467513
470367
472769
475149
479070
481456
483772
486145
488476
490861
493214
495599
497937
500321
502706
505083
507462
509827
512209
514594
516951
519318
521701
524039
526425
528807
531192
533578
535886
538268
540646
543055
545420
547784
550285
552654
555029
557412
560356
563293
565701
568101
570484
572857
575242
577619
579971
582278
584679
586979
589331
591735
594122
596508
598875
601194
603547
605897
608273
610665
613033
615409
617708
620091
622474
624843
627163
629464
631770
634142
636512
638913
641298
643604
645973
648271
650874
653259
655555
657928
660816
663180
665480
667850
670357
672726
675086
677449
679839
682218
684526
686848
689230
691558
693858
696239
698571
700942
703239
705601
707967
710842
713134
715499
717873
720263
722624
724988
727360
729725
732116
734412
736796
739168
741531
743903
746210
748604
750992
753355
755658
758030
761342
764012
766387
768766
771134
773521
775844
778219
780591
782958
785277
787571
790289
792658
795041
797404
799771
802163
804552
806915
809285
811670
814066
816442
818740
821127
823506
826141
828652
831024
833419
835810
838180
840565
842950
845342
847706
850347
852661
855046
857435
860183
862604
864981
867289
870354
872752
875127
877483
879869
882248
884608
886905
889264
891679
894045
896420
898810
901188
903564
905862
908163
910819
913118
915518
917880
920241
922633
925020
927400
929806
932196
934573
936971
939365
941755
944135
946455
948797
951192
953582
955971
958341
961727
964362
966711
969109
971505
973891
976281
978687
981012
983411
985741
988137
990826
993212
995601
997983
377
2769
5088
7507
9880
12278
14673
17073
19466
21793
24107
26513
31867
34321
36880
39352
41762
44148
46539
48919
51322
53712
56033
58361
61184
63600
66027
68423
70836
73237
75633
78030
80480
82882
85205
87593
89985
92356
94679
97077
99480
101905
104305
106701
109091
111482
113869
116267
118678
121062
123453
125817
128286
130684
133075
135436
137841
140261
142668
145025
147450
149770
152208
154572
156996
159578
162938
165345
167734
170139
172523
174922
177340
179762
182132
184536
186955
189296
191670
194005
196415
198814
201189
203603
206037
208415
210801
213129
215496
217897
220315
222714
225055
227447
229826
232261
234666
237071
239447
241876
244288
246685
249099
251490
253893
256258
258654
261569
263973
266292
268666
271054
273478
275859
278293
280727
283134
285530
287927
290289
292683
294998
297394
299750
302164
304566
306972
309401
311823
314236
316573
318984
321395
323814
326213
328626
331026
333408
335794
338214
340646
343061
345483
347826
350245
352683
355054
357455
360358
363485
365905
368317
370966
373456
375883
378299
380700
383105
385527
387915
390304
392642
395010
397386
399790
402220
404628
406992
409344
411694
414053
416445
418840
421227
423563
425977
428368
430729
433148
435567
437990
440374
442796
445208
447567
449997
452479
454879
457264
460004
462642
465055
467453
469857
472246
474648
477074
479411
481830
484240
486643
489050
491452
493858
496272
498678
501099
503519
505939
508348
510813
513235
515655
518069
520494
522866
525290
527689
530064
532475
534910
537317
539703
542129
544555
546977
549389
551902
554351
556693
559291
562692
565152
567644
570069
572493
574949
577358
579798
582288
584732
587143
589560
592047
594471
596878
599332
601789
604224
606926
610041
612818
615909
619264
622793
626045
629082
632161
635180
638236
641319
644246
647200
650255
653301
656252
659543
662789
665847
668967
672555
675672
678776
681802
684838
687954
690649
693091
696098
698556
700965
703849
706307
708694
711552
713948
716389
719061
722024
724470
727351
729798
732238
735083
737771
740973
743664
746113
748561
751001
753406
755842
758313
760742
763165
765620
768012
770418
773626
776468
778912
781365
783836
786266
788659
791112
793561
795920
798379
800865
803252
805649
808090
810534
812962
815411
817778
820247
822713
825293
828106
830567
833014
835454
837842
840349
842758
845161
847634
850085
852521
854971
857419
859862
862313
864774
867194
869610
873148
876362
879833
883254
886370
889445
892845
896016
899086
902146
905217
908489
911389
913801
916258
919067
921611
924040
926743
929381
931852
934482
937243
939624
942145
944917
947393
949825
952714
955159
957617
960523
962970
965397
968262
970877
973646
976555
978990
981429
984617
988064
990882
993953
997330
67
2495
4928
7415
9842
12266
14711
17106
19480
21963
24382
26838
29184
31645
34095
36460
38871
41222
43669
46110
48537
50876
53274
55738
58152
60578
62999
65425
67754
70104
72899
75301
77702
80056
82392
84789
87168
89561
91968
94391
96793
99181
101604
103930
106332
108684
111110
113514
115839
118238
120662
123071
125502
127913
130359
132808
135255
137689
140115
142588
145070
147504
149882
152322
154774
157274
159753
162195
164650
167115
169577
172615
175628
178048
180480
182904
185364
187812
190179
192543
194982
197410
199871
202273
204698
207142
209575
211983
214399
216824
219176
221592
223930
226335
228686
231090
233495
235858
238271
240704
243085
245497
247901
250330
252731
255138
257553
259904
262303
264715
267115
269520
272435
274861
277281
280221
283382
286059
288495
290913
293307
295722
298059
300753
304048
307123
309560
311994
314389
316790
319196
321607
324015
326413
328828
331880
335189
337913
340277
342669
345061
347464
349855
352275
354690
357101
359439
361831
364235
366643
369031
371440
373833
376170
378586
380982
383401
385878
388556
390957
393370
395776
398210
400639
403024
405429
407873
410301
412643
415017
417437
419832
422248
424667
427094
429513
432000
434449
436893
439323
441751
444186
446645
449083
451507
453968
456424
458890
461315
463783
466202
468566
470997
473427
475865
478307
480742
483156
485555
487938
490274
492672
495052
497467
499868
502321
504742
507093
509505
511951
514351
516749
519134
521542
523954
526373
528782
531158
533542
535935
538350
540746
543118
545545
547920
550341
552738
555143
557548
559989
562389
564798
567209
569631
571992
574409
576829
579220
581632
584069
586564
588952
591338
593772
596102
598527
600928
603319
605732
608176
610583
612987
615374
617782
620117
622543
624965
627367
629788
632205
634616
637016
639846
642813
645274
648239
651045
653463
655898
658288
660658
663041
665466
667805
670244
672654
675037
677436
679860
682281
684690
687083
689486
691878
694297
696719
699113
701523
703971
706307
708725
711094
713523
715850
718269
720682
723051
725398
727832
730178
732554
734940
737362
739751
742192
744591
746981
749380
751825
754217
756636
759012
761412
763739
766156
768574
770975
773323
775778
778179
780598
783012
785469
787898
790354
792808
795255
797729
800199
802619
805080
807566
810044
812494
814938
817398
819862
822498
825585
828295
830786
833216
835675
838159
840616
843073
845515
848010
850476
852928
855365
857822
860271
862727
865223
867647
870129
872587
875048
877517
880021
882403
884873
887306
889761
892178
894866
897902
900530
902979
905392
907813
910188
912562
914973
917344
919815
922164
924574
926949
929343
931760
934125
936531
938921
941382
943841
946248
948683
951076
953512
955918
958363
960810
963232
965693
968115
970549
972960
975367
977806
980192
982598
985002
987415
989864
992224
994627
997029
999414
1826
4258
6720
9144
11545
14210
16656
19063
21478
23931
26353
28779
31158
33596
36000
38424
40855
43230
45651
48095
50473
52882
55297
57730
60143
62566
64908
67322
69709
72120
74533
76947
79339
81763
84160
86574
88976
91398
93842
96241
98670
101073
103542
105960
108414
110873
113259
115688
118136
120607
123034
125470
127959
130408
132847
135256
137718
140143
142603
145037
147472
149947
152338
154786
157199
159680
162119
164559
166940
169357
171773
174193
176613
179003
181424
183883
186229
188646
190985
193413
195815
198230
200653
203036
205465
207867
210271
212689
215093
217445
219840
222266
224677
227101
229513
231853
234286
236701
239102
241515
243920
246356
248809
251210
253633
255953
258360
260765
263106
265536
267940
270361
272778
275187
277593
279995
282407
284836
287239
289645
292059
294484
296827
299241
301660
304058
306474
308872
311292
313734
316128
318526
320948
323370
325790
328209
330622
333104
335508
337949
340366
342799
345234
347658
350101
352549
354975
357423
359860
362279
364715
367133
369567
371989
374410
376829
379196
381640
384071
386510
388946
391385
393745
396158
398578
401139
403803
406262
408625
411050
413475
415894
418430
420801
423252
425686
428111
430526
432933
435363
437810
440269
442693
445159
447638
450073
452558
455056
457539
460012
462488
464951
467417
469928
472410
474881
477374
479852
482441
484936
487434
489892
492385
494894
497390
499869
502355
504853
507329
509810
512284
514774
517273
519717
522214
524675
527160
529621
532095
534582
537028
539517
541981
544425
546882
549256
551696
554092
556536
558940
561384
563839
566284
568750
571184
573621
576059
578500
580928
583368
585790
588226
590697
593137
595622
598097
600568
603060
605561
608053
610567
613049
615508
617945
620452
622974
625487
628018
630555
633080
635578
638030
640544
643023
645544
648041
650526
653081
655622
658109
660643
663133
665645
668109
670617
673077
675577
678049
680547
682993
685454
687882
690329
692786
695192
697616
700054
702456
704877
707348
709810
712193
714664
717087
719508
721933
724357
726745
729145
731604
734037
736463
738909
741371
743810
746220
748683
751083
753467
755815
758274
760725
763123
765571
768011
770449
772890
775293
777729
780153
782595
785022
787454
789939
792469
794989
797512
800040
802585
805077
807601
810096
812612
815100
817605
820104
822595
825098
827584
830060
832599
835089
837622
840122
842656
845170
847694
850184
852713
855225
857760
860236
862775
865222
867705
870145
872641
875088
877592
880068
882530
884985
887472
889911
892365
894835
897201
899642
902020
904473
906887
909302
911725
914124
916582
918963
921396
923817
926245
928647
931002
933423
935841
938308
940758
943110
945554
947968
950409
952828
955247
957671
960026
962462
964887
967327
969751
972169
974622
976994
979432
981852
984383
987075
989462
991835
994300
996704
999131
1603
3981
6370
8824
11178
13636
15994
18418
20836
23210
25651
28074
30439
32835
35313
37765
40184
42638
45070
47549
50091
52637
55196
57767
60350
62947
65537
68157
70693
73238
75848
78426
80980
83504
86080
88673
91207
93756
96302
98862
101377
103904
106415
108952
111501
113999
116496
118993
121490
124012
126440
128929
131369
133860
136305
138696
141096
143574
145963
148402
150849
153254
155703
158089
160498
162911
165352
167850
170259
172695
175106
177550
179958
182398
184774
187189
189629
192050
194498
196878
199315
201685
204088
206568
208966
211452
213938
216363
218866
221269
223669
226033
228484
230836
233264
235629
238463
240859
243240
245683
248096
250520
252915
255357
257802
260143
262586
264981
267414
269866
272282
274721
277128
279557
281942
284372
286816
289217
291657
294068
296494
298898
301337
303760
306139
308567
310983
313411
315851
318260
320710
323132
325619
328053
330542
332989
335590
338045
340521
342953
345447
347922
350390
352862
355323
357813
360281
362727
365118
367574
370049
372528
374996
377444
379944
382375
384885
387330
389871
392331
394869
397340
399894
402387
404865
407290
409759
412125
414565
416957
419376
421828
424238
426687
429062
431468
433872
436332
438990
441677
444139
446604
449017
451460
453854
456305
458777
461185
463692
466102
468583
471001
473482
475896
478404
480883
483314
485764
488155
490616
493030
495490
497901
500356
502795
505207
507670
510129
512589
514995
517441
519839
522300
524760
527174
529633
532053
534515
536918
539380
541823
544228
546683
549089
551560
554017
556529
559005
561548
564052
566615
569134
571668
574241
576816
579368
581974
584516
587083
589663
592170
594727
597230
599782
602276
604837
607368
609929
612415
614952
617442
619991
622527
625044
627594
630156
632760
635277
637914
640434
643015
645568
648165
650810
653460
656096
658739
661315
663992
666548
669193
671832
674416
677030
679687
682252
684870
687370
690005
692497
695090
697655
700187
702734
705258
707819
710334
712883
715383
717938
720448
722990
725569
728044
730582
733036
735559
737966
740455
742930
745351
747838
750241
752724
755152
757648
760061
762544
764963
767443
769937
772364
774925
777364
779863
782292
784767
787198
789696
792125
794587
796992
799473
801889
804360
806873
809284
811760
814243
816751
819161
821665
824081
826561
829012
831532
834043
836657
839173
841773
844300
846935
849447
852032
854616
857121
859704
862255
864852
867352
869938
872436
875024
877604
880122
882703
885204
887771
890269
892855
895375
897926
900423
903016
905503
908055
910615
913049
915545
917957
920442
922916
925345
927830
930236
932726
935143
937619
940044
942572
945084
947764
950389
953017
955628
958161
960783
963322
965931
968465
971067
973697
976230
978879
981392
984038
986639
989172
991788
994322
996930
999471
2087
4730
7342
10023
12630
15201
17825
20395
23012
25663
28227
30895
33444
36096
38721
41303
43985
46599
49281
51941
54503
57169
59815
62393
65042
67718
70273
72880
75419
78037
80627
83103
85690
88165
90742
93233
95805
98301
100873
103347
105947
108399
110947
113377
115884
118311
120838
123264
125776
128203
130708
133143
135660
138084
140599
143018
145547
147972
150481
153010
155519
157948
160444
162947
165371
167910
170337
172865
175282
177822
180241
182789
185233
187767
190188
192712
195139
197681
200098
202633
205042
207570
210008
212527
214962
217496
220046
222566
224990
227524
230032
232554
234970
237486
240012
242527
244954
247477
250006
252528
254965
257487
260046
262586
265075
267669
270145
272737
275243
277820
280328
282899
285419
287995
290597
293101
295711
298188
300795
303284
305881
308361
310977
313443
316023
318597
321077
323652
326126
328714
331197
333739
336164
338688
341111
343641
346073
348627
351049
353578
356003
358514
360972
363494
366016
368549
370977
373476
376007
378531
380951
383470
385955
388369
390890
393310
395803
398215
400735
403154
405660
408069
410592
413002
415498
417916
420412
422949
425376
427907
430345
432903
435375
437933
440389
443292
445799
448374
450947
453405
455965
458396
460952
463412
465967
468419
470975
473450
475978
478431
480990
483517
486058
488652
491143
493727
496208
498777
501275
503847
506324
508899
511392
513968
516460
519031
521606
524150
526740
529268
531897
534488
537113
539768
542298
544924
547443
550083
552715
555282
557882
560421
563009
565667
568198
570817
573320
575937
578458
581073
583699
586283
588869
591420
594030
596713
599216
601869
604384
607090
609733
612243
614875
617368
619964
622413
625022
627654
630227
632868
635395
637987
640625
643151
645835
648397
651051
653651
656163
658837
661473
664164
666865
669429
672093
674825
677501
680338
683151
685978
688708
691560
694346
697151
699927
702643
705331
708134
710899
713638
716361
719125
721824
724447
727161
729958
732610
735372
738060
740839
743473
746246
748927
751510
754124
756802
759364
762087
764747
767328
769947
772532
775226
777958
780469
783138
785814
788415
791144
793860
796418
799103
801787
804369
807061
809801
812421
815227
818035
820894
823615
826485
829293
832199
835027
837893
840604
843490
846284
849220
852055
855032
857695
860587
863406
866307
869136
872007
874867
877581
880393
883315
886182
889141
892053
895015
897895
900681
903611
906574
909502
912546
915551
918596
921494
924473
927388
930394
933328
936283
939152
942132
944993
947734
950544
953504
956374
959351
962205
965093
967973
970624
973412
976259
979142
982054
984863
987487
990189
992877
995427
998171
906
3468
6112
8877
11443
14136
16858
19422
22136
24809
27342
30059
32769
35341
38023
40743
43303
46025
48848
51498
54362
57128
59987
62663
65506
68335
71194
74051
76910
79602
82462
85276
88119
90947
93612
96454
99309
102184
105021
107884
110603
113520
116440
119410
122335
125259
128128
130997
133790
136486
139365
142397
145304
148242
151228
154123
157013
159893
162563
165407
168216
171003
173597
176356
179089
181831
184453
187179
189916
192486
195221
197956
200526
203215
205865
208320
210976
213469
216125
218770
221296
223957
226388
229034
231735
234295
236936
239369
242011
244654
247181
249833
252275
254906
257435
260168
262962
265554
268394
271187
274038
276811
279450
282274
285140
287970
290708
293586
296513
299472
302420
305391
308283
311133
314067
316957
319752
322606
325586
328485
331336
334266
337140
340062
342966
345644
348485
351377
354350
357277
360420
363415
366503
369460
372570
375459
378498
381311
384313
387128
390138
392975
395848
398699
401714
404546
407568
410455
413451
416284
419265
422144
425175
428042
431077
433950
436843
439740
442917
445873
449099
452136
455360
458376
461538
464494
467678
470725
473913
476950
480182
483211
486358
489375
492559
495594
498740
501729
504802
507781
510862
513856
516938
519958
523181
526219
529467
532567
535865
538973
542227
545307
548584
551653
554919
558007
561282
564377
567608
570700
573976
577073
580302
583372
586581
589618
592885
595883
599090
602101
605166
608203
611290
614318
617408
620390
623471
626461
629537
632516
635647
638588
641709
644602
647683
650519
653507
656299
659353
662250
665470
668491
671758
674762
678026
681033
684292
687299
690565
693570
696830
699821
703026
706038
709245
712258
715414
718427
721576
724584
727753
730769
733882
736825
740004
743008
746111
749105
752242
755232
758354
761294
764433
767423
770565
773506
776599
779473
782628
785610
788654
791633
794721
797702
800647
803526
806451
809373
812406
815346
818270
821167
824116
827068
830079
833028
836001
838816
841936
845167
848387
851609
854839
858076
861397
864623
867853
871102
874334
877653
880951
884241
887432
890654
893837
897134
900292
903587
906705
909884
912957
916193
919207
922459
925525
928793
931818
935020
938060
941326
944375
947582
950381
953602
956717
959804
962882
965954
968937
971985
974907
977994
980915
983927
986856
989943
992839
995870
998774
1834
4753
7835
10730
13801
16764
20015
23202
26228
29354
32445
35581
38710
41839
44907
48083
51222
54409
57562
60755
63799
66861
69893
72959
75967
79040
82164
85210
88346
91436
94602
97777
100953
104095
107245
110437
113604
116803
119922
123148
126396
129591
132715
135904
138974
142204
145298
148584
151641
154918
158044
161319
164447
167769
170837
173985
176960
180061
183177
186351
189476
192603
195667
198856
202033
205379
208601
211945
215211
218527
221793
225107
228360
231723
235070
238354
241676
245220
248521
251999
255310
258683
262091
265539
268933
272451
275849
279345
282755
286271
289673
293067
296481
299888
303281
306604
309837
313060
316327
319574
322810
325988
329179
332292
335414
338586
341724
344863
348074
351236
354405
357623
360901
364029
367296
370529
373849
377067
380400
383690
386997
390294
393575
396779
400076
403332
406824
410279
413861
417356
421015
424482
428109
431679
435329
438858
442617
446226
449914
453557
457167
460773
464524
467948
471627
475062
478694
482155
485702
489072
492562
496015
499581
503138
506667
510238
513733
517220
520709
524199
527620
531209
534848
538558
542271
546017
549703
553447
557167
560914
564538
568229
571818
575492
579108
582780
586333
589939
593419
596915
600370
604024
607465
611039
614538
618159
621672
625103
628483
631917
635227
638768
642151
645673
649102
652659
656050
659537
662981
666539
670007
673475
677036
680630
684158
687807
691253
694832
698393
702008
705561
709112
712638
716274
719876
723501
727385
731253
735084
738910
742639
746375
750177
753937
757595
761375
764963
768761
772342
776160
779818
783721
787472
791229
795044
799074
802881
806782
810623
814480
818442
822307
826156
830063
833953
837790
841616
845406
849218
852932
856884
860844
864788
869017
872957
877010
881031
885013
889016
893036
896952
900947
905083
908924
912963
916813
920733
924663
928527
932388
936053
939927
943542
947290
950880
954567
958301
962036
965774
969691
973426
977297
981130
985221
989092
993037
996917
825
4903
9004
13049
17157
21338
25631
29921
34329
38587
42943
47376
51636
55994
60158
64428
68777
73034
77346
81443
85544
89541
93457
97231
101129
104941
108758
112416
116274
119923
123785
127567
131699
135568
139649
143561
147737
151859
156018
159962
164056
167808
172000
175823
179965
183795
188002
192050
196340
200668
205128
209703
214247
218854
223357
227800
232241
236818
241171
245210
249575
253760
258002
261915
266082
269984
274105
277993
282002
285784
289832
293733
297909
302024
306470
310895
315438
319882
324330
328731
333209
337562
342030
346422
350812
355402
359975
364523
369041
373586
378096
382635
387143
391719
396337
401027
405675
410291
415036
419684
424488
429179
433917
438568
443377
448027
452760
457412
462091
466679
471408
476026
480754
485416
490112
494842
499559
504402
509154
514016
518885
523839
528875
534084
539235
544353
549601
554773
559883
565153
570335
575626
580776
586071
591158
596173
601048
605924
610879
615783
620600
625497
630299
635122
640219
645263
650391
655367
660457
665429
670481
675416
680352
685285
690246
695144
700134
705058
710004
714859
719749
724597
729481
734427
739285
744197
749119
754016
758990
763833
768705
773523
778435
783487
788414
793479
798407
803577
808625
813762
818823
823902
829003
834088
839113
844277
849490
854693
859954
865079
870409
875537
880764
885966
891171
896193
901332
906298
911327
916305
921405
926401
931536
936576
941658
946635
951648
956667
961780
966888
972106
977379
982732
988030
993526
998889
4372
9710
15185
20614
26030
31418
36811
42110
47480
52779
58087
63446
68815
74132
79382
84610
89793
95052
100485
105932
111414
116937
122433
127982
133501
138923
144352
149626
155001
160289
165636
170929
176289
181557
186900
192214
197546
202858
208144
213537
218932
224350
229596
235024
240255
245703
250939
256361
261661
267100
272405
277879
283182
288547
293834
299202
304559
309804
315091
320330
325622
330923
336423
341705
347220
352665
358310
363829
369300
374855
380489
386091
391622
397089
402646
408149
413677
419315
424800
430227
435685
441195
446582
452253
457769
463261
468856
474582
480139
485733
491345
497009
502606
508149
513726
519379
524809
530404
535741
541363
546698
552249
557557
563156
568603
574292
579840
585516
591057
596703
602082
607716
613212
618809
624344
629954
635446
641111
646515
652113
657646
663261
668810
674543
680059
685631
691151
696634
702242
707842
713333
719070
724579
730152
735607
741231
746804
752473
757938
763460
768942
774429
779939
785390
790874
796348
801814
807356
812828
818361
823924
829513
834993
840561
846005
851798
857343
863006
868557
874278
879745
885466
891041
896945
902466
908182
913739
919630
925111
930852
936354
941983
947608
953235
958641
964222
969797
975637
981062
986957
992443
998203
3749
9614
15140
20847
26331
31974
37491
43219
48970
54815
60411
66355
72078
78180
83830
89905
95944
101993
107999
114196
120200
126266
132448
138524
144661
150689
156585
162677
168512
174344
180335
186244
191993
198010
203786
209887
215630
221581
227375
233306
239093
245271
251433
257778
263992
270158
276278
282268
288177
294215
300066
306432
312469
318650
324613
330853
336892
343130
349305
355278
361559
367530
373892
379885
386048
392237
398491
404646
410941
417268
423545
429656
436139
442306
448733
454878
461371
467666
474199
480498
487216
493355
499943
506325
512702
519047
525669
532055
539155
545664
552226
558542
565204
571460
578157
584558
591192
597634
604102
610788
617206
623563
629865
636392
642729
649100
655702
662316
668761
675259
681577
688070
694422
700852
707211
713644
719989
726445
732810
739247
745607
752026
758179
764444
770729
777309
783480
790103
796512
803023
809412
816087
822314
828738
835236
841572
847935
854494
861018
867538
874005
880643
887268
894001
900713
907201
913876
920589
927408
933832
940528
947168
954058
960729
967577
974167
981081
987849
994709
1198
8209
14722
21417
28348
35329
42198
49013
55794
62885
69715
76522
83282
90079
96956
103616
110419
117393
124116
130623
137708
144712
151769
158473
165857
172597
179866
186734
193910
200995
208381
215323
222662
229535
237288
244448
251902
258984
266583
273688
280892
288547
295643
302912
310105
317645
324701
332170
339514
346614
353726
361069
368007
375207
382106
389361
396447
403734
411022
418422
425955
433588
440706
447853
455256
462643
470046
477181
484315
491542
499141
506644
514128
521406
528577
535940
543108
550630
557869
564924
572244
579455
586932
594168
601483
608861
616321
623434
630861
638314
645820
653165
660637
667690
675280
682853
689854
697472
704388
711904
719076
726802
734460
741785
749137
756834
764447
771875
779414
787121
794384
801668
809014
816490
823962
831460
838877
846505
854381
862062
869733
877610
885229
892552
899879
907605
915281
922425
930045
937407
944941
952288
959822
967305
975408
982492
989773
997640
5146
12836
20170
27895
35401
42963
50710
58340
65755
73510
81463
89032
96701
103980
112084
119687
127346
134915
142304
150148
157611
165543
172958
180651
188376
195813
203235
211101
218726
226060
233674
241051
248963
256457
263693
271302
278866
286337
294296
301775
309606
316925
324498
332216
339974
347301
355015
362805
370196
378029
385250
393367
400873
408871
415999
424048
431750
439460
446646
454563
462249
469772
477316
485139
492650
500538
508170
516059
523642
531568
539061
547079
554147
562118
569933
577820
585495
593550
601712
609197
617747
625400
633494
641291
649865
657367
665626
673105
681652
689382
697525
705757
714056
721912
730159
738847
746784
755028
763140
771325
779733
787880
796091
804278
812583
820705
829550
837657
845703
854157
862850
871035
879435
887800
896299
904431
913076
921343
929797
937817
946638
955784
964137
971937
980396
989385
998245
7203
15809
24189
32814
42000
50298
59542
68321
77178
85651
94293
103177
112564
121159
130432
139410
148676
157090
166418
175672
185064
194032
203206
212192
221755
231048
239928
248782
257729
266736
276341
286133
295675
305257
314853
323737
332869
342173
352154
361438
371561
380829
390228
399318
408824
418314
427982
437787
447515
456982
466397
475456
484861
494221
504154
513773
523565
533023
543042
552811
562463
571873
581679
591666
601127
611016
620756
630164
639885
649380
658992
668550
678603
688011
697942
707479
717718
727174
737173
746854
756574
766352
775601
785442
795473
805299
814537
826079
837098
847440
858484
868977
879741
891038
903414
915479
927127
938686
949001
959080
969532
979214
989329
999509
9895
19209
29717
39555
50147
60997
71978
82335
92435
102750
112918
123506
133751
144972
154943
166013
176227
186942
197163
208834
219183
229152
239115
249564
259075
269277
278632
288931
299830
310450
320671
330884
341006
351393
361868
372856
384162
395103
406152
417019
427961
438677
449038
459406
470663
481688
492229
502580
513570
524639
535405
546451
557188
567670
578586
589188
599735
610298
621576
633103
644245
654666
665428
676333
687000
697929
708661
719372
729976
740545
751771
762401
773503
784569
795479
806483
817617
828472
839422
850426
861887
872643
883710
893844
904829
915770
927299
938552
949914
961041
972438
982968
993725
4908
15904
27245
38560
49981
61455
73263
84790
96206
107509
118589
130340
141952
153236
164550
176607
187793
199650
211391
222382
234088
245657
256732
268733
279814
292664
310835
322518
333594
345327
357498
368977
381168
393189
405673
417998
429834
442402
454339
466248
478704
491041
502974
514577
526755
539137
550964
563394
575692
588055
600237
612224
624431
637076
649440
661863
674214
687255
699550
711754
723953
736543
749195
760552
773348
786711
799278
810828
823824
835408
848264
861213
873250
886950
899144
911475
923921
937038
949662
962654
975286
987746
879
12918
25544
37970
51793
64267
77253
90117
102074
115436
128414
141497
154513
167507
180989
194330
207728
219640
232362
244762
257963
271959
285163
297809
310958
324887
337629
351776
364758
378256
391515
404382
417580
431322
444766
458304
471290
485522
499192
512035
525732
538726
552192
565896
579670
592104
605787
618903
632680
646898
660725
673933
688350
702502
715732
729710
743839
757663
771052
785288
799877
814838
828119
842045
857147
870631
884320
898924
913361
928108
941947
956103
970309
984346
998992
12647
27174
41796
55665
70290
84512
99227
114225
128806
143263
157387
171749
186366
200502
215419
230853
246477
262241
277142
292574
307948
323362
338218
352215
368516
382735
398412
413961
429353
445008
461286
476854
493016
508428
524996
539668
555995
571809
587312
603783
618967
635356
651043
667232
684298
700826
718131
734165
751045
766972
784315
800677
818265
835244
852952
876492
893334
909511
926374
944181
961352
980026
997128
15097
31961
51640
69532
87054
105206
123593
140521
159406
177275
195984
212852
231159
249696
268157
286272
305829
325379
343844
363285
382081
399970
418890
438264
457864
477883
496966
515231
533721
552893
571835
590878
609016
629605
649074
667425
687828
706760
725757
745017
764699
784849
802967
821175
841119
