8301
10958
13360
15761
18134
20441
22827
25197
27582
29951
32324
34689
37067
39410
41794
44090
46389
48750
51122
53516
55861
58305
61340
63727
66039
68425
70798
73163
75469
77771
80167
82535
84923
87317
89676
92062
94401
96767
99145
101520
103896
106261
108632
110975
113347
115707
118080
120449
122802
125099
127478
129856
132233
134653
136955
139345
141715
144090
146459
148839
151216
153621
155990
158367
161662
164298
166673
169035
171402
173786
176078
178445
180742
183111
185498
187841
190198
192563
194934
197297
199599
201970
204303
206669
209033
211335
213641
216025
218337
220710
223086
225444
227822
230192
232579
234915
237307
239697
242071
244396
246768
249065
251471
253848
256213
258579
261474
263861
266217
268598
271000
273310
275701
278089
280452
282758
285175
287544
289919
292295
294703
297070
299454
301824
304352
306930
309306
311691
314064
316434
318811
321180
323591
325894
328206
330606
332903
335280
337667
340048
342348
344731
347409
349800
352179
354556
356934
359800
362897
365307
367693
369991
372363
374746
377131
379437
381815
384191
386565
388944
391336
393715
396077
398452
400836
403191
405570
407905
410283
412672
415043
417448
419829
422172
424510
426809
429119
431497
433873
436236
438617
441007
443384
445754
448122
450921
453224
455604
457980
460900
463290
465668
468072
470904
473308
477288
479601
481985
484308
486694
489041
491398
493750
496133
498475
500856
503239
505628
507991
510369
512743
515131
517490
519852
522229
524587
526958
529347
531725
534116
536438
538800
541191
543604
545945
548317
550819
553189
555564
557943
561135
563847
566235
568634
571014
573402
575774
578151
580504
582839
585208
587513
589887
592275
594657
597037
599403
601742
604080
606431
608807
611202
613564
615933
618234
620629
623000
625368
627694
630002
632295
634670
637057
639448
641826
644131
646499
649036
651401
653787
656080
658465
661351
663708
666005
668383
670887
673253
675609
677986
680367
682744
685053
687381
689763
692084
694386
696770
699100
701469
703767
706124
708995
711368
713664
716025
718421
720790
723149
725512
727885
730262
732640
734938
737329
739692
742056
744427
746759
749138
751519
753879
756188
758823
762153
764549
766918
769298
771677
774059
776368
778745
781117
783500
785801
788098
790815
793193
795566
797930
800305
802695
805078
807442
809833
812208
814594
816974
819282
821659
824032
826811
829186
831561
833947
836333
838706
841098
843483
845866
848247
850889
853188
855572
857960
860758
863130
865508
867815
870892
873283
875643
878009
880406
882773
885134
887431
889796
892212
894571
896949
899335
901715
904090
906388
909043
911348
913647
916041
918429
920779
923174
925557
927952
930357
932742
935122
937526
939915
942303
944686
947014
949349
951759
954127
956524
959237
962521
964912
967265
969661
972052
974438
976846
979224
981561
983959
986293
989056
991376
993760
996147
998531
924
3319
5661
8059
10437
12824
15226
17629
20017
22340
24665
29973
32452
34906
37466
39919
42316
44697
47088
49479
51869
54260
56586
58913
61748
64165
66580
68983
71386
73785
76178
78621
81031
83432
85749
88164
90535
92902
95226
97634
100039
102456
104851
107263
109638
112028
114416
116827
119233
121608
124003
126429
128834
131233
133630
135998
138387
140815
143230
145583
148002
150357
152756
155144
157543
160439
163510
165903
168290
170687
173071
175484
177886
180323
182687
185107
187504
189843
192223
194563
196968
199375
201754
204171
206602
208961
211350
213679
216052
218481
220863
223283
225604
227994
230409
232816
235214
237620
240016
242436
244837
247241
249648
252044
254473
256813
259256
262174
264521
266843
269212
271616
274029
276405
278881
281285
283685
286112
288480
290843
293233
295545
297940
300320
302717
305128
307554
309974
312387
314798
317135
319559
321962
324375
326780
329194
331592
333972
336370
338788
341211
343632
346045
348397
350811
353254
355614
358031
361182
364057
366463
368888
371622
374039
376448
378900
381267
383670
386091
388484
390867
393206
395575
397959
400366
402780
405193
407565
409910
412254
414615
417027
419410
421789
424127
426545
428930
431291
433716
436133
438557
440937
443363
445772
448130
450613
453044
455452
457833
460797
463206
465623
468016
470424
472808
475222
477638
479987
482391
484803
487208
489610
492013
494433
496839
499249
501661
504093
506497
508958
511375
513809
516217
518635
521059
523440
525852
528277
530628
533048
535471
537882
540281
542697
545133
547541
550056
552494
554915
557255
560195
563295
565714
568211
570638
573064
575517
577922
580370
582865
585294
587725
590184
592617
595036
597441
599933
602370
604803
607739
610828
613441
616838
620220
623738
626820
629862
632929
635951
639037
641963
644901
647964
651035
654078
657099
660470
663565
666621
669816
673314
676435
679559
682579
685611
688809
691240
693679
696701
699162
701544
704442
706908
709274
712144
714534
716983
719977
722613
725056
727950
730383
732838
735944
738358
741850
744258
746710
749145
751584
753998
756429
758930
761324
763759
766231
768611
771091
774531
777059
779501
781973
784424
786852
789239
791714
794142
796503
798998
801455
803838
806255
808671
811121
813548
815991
818357
820841
823305
826196
828696
831159
833600
836035
838466
840952
843348
845743
848234
850672
853101
855554
858011
860455
862893
865378
867795
870426
873921
877327
880781
884058
887154
890232
893731
896822
899866
902940
905972
909106
911988
914408
916864
919760
922202
924648
927528
929993
932441
935367
937839
940231
943008
945523
947972
950778
953305
955759
958421
961114
963551
966070
968842
971757
974545
977144
979565
982119
986219
988685
991844
994737
998193
646
3072
5519
8009
10435
12839
15313
17695
20073
22553
24967
27407
29762
32227
34677
37020
39431
41788
44228
46685
49094
51427
53827
56310
58715
61124
63568
65975
68312
70652
73474
75848
78262
80607
82941
85348
87718
90112
92525
94940
97351
99728
102150
104480
106899
109242
111660
114057
116389
118798
121208
123641
126063
128503
130945
133399
135835
138300
140699
143194
145654
148097
150466
152919
155398
157888
160338
162794
165240
167714
170164
173482
176220
178649
181065
183507
185949
188400
190751
193130
195551
198008
200419
202835
205258
207696
210125
212546
214953
217370
219728
222138
224481
226896
229238
231643
234041
236414
238841
241251
243640
246043
248460
250881
253279
255687
258113
260456
262855
265260
267680
270071
272997
275425
277873
280909
284125
286633
289051
291460
293861
296265
298610
301559
304863
307695
310139
312540
314940
317337
319748
322159
324566
326964
329389
332691
335997
338472
340834
343213
345615
348009
350419
352826
355235
357652
359988
362381
364788
367186
369585
371996
374388
376727
379129
381538
383960
386597
389116
391510
393933
396321
398783
401178
403579
406016
408428
410854
413186
415585
417984
420383
422808
425230
427668
430140
432588
435042
437473
439919
442331
444777
447231
449672
452086
454565
457028
459462
461934
464355
466780
469135
471575
474003
476437
478897
481302
483708
486093
488488
490822
493216
495609
498009
500435
502877
505284
507645
510089
512501
514901
517291
519691
522092
524505
526938
529323
531710
534124
536490
538897
541288
543685
546087
548468
550897
553285
555695
558128
560540
562938
565342
567777
570177
572542
574957
577377
579769
582211
584701
587107
589501
591896
594316
596654
599076
601479
603870
606319
608724
611126
613540
615931
618326
620667
623094
625514
627934
630345
632755
635161
637564
640608
643421
645890
648882
651602
654048
656441
658839
661211
663607
666007
668359
670807
673196
675588
678015
680414
682833
685232
687642
690032
692439
694854
697259
699665
702101
704519
706860
709260
711656
714073
716400
718827
721224
723609
725976
728382
730729
733095
735508
737910
740296
742751
745133
747534
749969
752367
754769
757178
759569
761951
764288
766718
769115
771525
773912
776338
778750
781173
783613
786060
788484
790957
793396
795849
798336
800798
803227
805686
808178
810649
813099
815542
818005
820470
823376
826396
828910
831393
833824
836279
838774
841224
843702
846155
848617
851084
853538
855979
858431
860876
863354
865828
868257
870740
873196
875653
878165
880620
883009
885458
887903
890328
892764
895682
898693
901113
903536
905956
908358
910749
913107
915526
917954
920363
922720
925121
927525
929901
932306
934692
937080
939524
941989
944394
946822
949230
951654
954061
956487
958941
961356
963803
966255
968693
971100
973533
975942
978357
980759
983152
985574
987982
990429
992793
995180
997595
999970
2389
4832
7281
9715
12226
14788
17209
19624
22059
24498
26921
29324
31738
34151
36566
38994
41399
43798
46235
48658
51021
53449
55869
58277
60712
63119
65476
67887
70269
72684
75079
77512
79911
82308
84721
87122
89539
91959
94392
96813
99216
101683
104112
106563
109016
111463
113856
116269
118744
121184
123627
126080
128549
131000
133427
135854
138293
140741
143188
145624
148048
150545
152929
155360
157830
160259
162695
165103
167508
169925
172315
174761
177157
179565
182013
184449
186792
189190
191544
193960
196373
198794
201199
203607
206007
208427
210834
213234
215653
217987
220406
222824
225232
227660
230062
232411
234849
237245
239664
242060
244481
246946
249353
251775
254175
256514
258902
261330
263678
266083
268510
270924
273327
275747
278138
280558
282966
285380
287801
290200
292621
295028
297392
299799
302207
304621
307023
309431
311855
314279
316694
319088
321508
323935
326350
328774
331243
333669
336074
338512
340950
343375
345815
348234
350684
353127
355559
358008
360432
362861
365285
367715
370142
372570
374999
377406
379778
382210
384656
387089
389528
391956
394320
396752
399150
401904
404399
406840
409197
411639
414048
416576
419011
421390
423834
426260
428674
431094
433504
435941
438416
440868
443312
445783
448269
450697
453186
455681
458155
460633
463103
465581
468065
470551
473030
475510
477997
480578
483060
485569
488060
490523
493021
495528
498014
500498
502985
505486
507951
510444
512907
515403
517898
520352
522834
525304
527787
530239
532714
535195
537654
540110
542562
545036
547466
549854
552280
554675
557106
559521
561990
564422
566888
569334
571767
574191
576647
579073
581510
583971
586354
588836
591284
593774
596229
598743
601197
603743
606191
608728
611197
613715
616138
618612
621105
623629
626139
628682
631216
633761
636205
638704
641175
643699
646183
648713
651246
653758
656253
658783
661273
663791
666254
668763
671224
673741
676184
678701
681132
683640
686061
688501
690941
693364
695780
698192
700641
703028
705464
707957
710378
712804
715233
717688
720071
722529
724949
727317
729733
732182
734628
737049
739497
741981
744379
746828
749243
751680
754031
756405
758866
761299
763712
766142
768591
771025
773465
775871
778298
780743
783161
785624
788075
790613
793144
795640
798166
800726
803218
805748
808236
810772
813247
815774
818237
820780
823240
825773
828217
830736
833232
835762
838257
840796
843304
845844
848328
850857
853351
855900
858393
860912
863388
865883
868308
870799
873247
875738
878193
880701
883129
885617
888085
890511
892973
895389
897791
900200
902609
905033
907483
909895
912280
914717
917139
919547
921984
924386
926838
929204
931590
933984
936427
938897
941313
943701
946105
948549
951000
953386
955828
958223
960612
963012
965469
967913
970309
972763
975172
977583
979992
982430
985135
987637
990051
992436
994886
997257
999734
2157
4573
6959
9376
11771
14196
16585
18968
21421
23793
26200
28651
30989
33453
35896
38325
40792
43276
45719
48226
50790
53357
55935
58486
61092
63686
66288
68894
71415
73985
76569
79153
81663
84226
86806
89345
91900
94439
97004
99531
102076
104565
107092
109645
112176
114675
117138
119666
122155
124611
127080
129527
132000
134438
136901
139247
141783
144131
146549
148986
151403
153846
156255
158677
161054
163513
165980
168405
170840
173253
175688
178101
180541
182979
185334
187774
190188
192632
195051
197465
199905
202233
204671
207141
209602
212113
214494
216997
219411
221847
224221
226621
229033
231415
233848
236180
239060
241415
243825
246231
248686
251070
253498
255935
258348
260724
263133
265557
267993
270422
272857
275267
277706
280113
282518
284949
287382
289793
292216
294650
297041
299470
301909
304310
306716
309113
311562
313994
316395
318852
321280
323753
326202
328686
331128
333726
336206
338675
341109
343591
346057
348525
351005
353471
355943
358418
360900
363337
365729
368179
370664
373132
375614
378086
380534
383026
385473
388018
390484
393015
395473
398036
400505
403057
405430
407911
410329
412725
415119
417555
419987
422380
424836
427243
429656
432023
434473
436937
439717
442304
444770
447188
449645
452040
454483
456936
459356
461841
464285
466760
469179
471651
474077
476507
479040
481468
483943
486330
488791
491198
493663
496073
498527
500984
503383
505833
508249
510763
513168
515624
518023
520471
522927
525332
527804
530218
532675
535094
537546
540013
542400
544849
547264
549735
552188
554697
557187
559708
562228
564779
567302
569835
572331
574989
577529
580140
582670
585245
587834
590343
592896
595390
597957
600451
603003
605500
608105
610593
613130
615606
618157
620708
623194
625757
628260
630917
633443
636078
638585
641192
643744
646335
648973
651617
654270
656913
659456
662122
664721
667360
669979
672583
675196
677851
680401
683032
685549
688148
690656
693253
695811
698333
700911
703420
705982
708496
711058
713557
716093
718609
721163
723703
726220
728755
731198
733726
736146
738623
741112
743524
746008
748418
750899
753322
755806
758239
760717
763131
765619
768091
770523
773012
775518
778018
780454
782941
785358
787850
790289
792775
795172
797647
800069
802541
804997
807462
809940
812344
814903
817339
819821
822248
824737
827179
829696
832197
834808
837349
839940
842465
845066
847613
850209
852784
855286
857874
860375
863017
865523
868106
870609
873187
875777
878274
880875
883376
885954
888441
891020
893528
896097
898593
901146
903671
906228
908780
911228
913718
916118
918607
921096
923499
925999
928404
930896
933320
935794
938206
940741
943254
945931
948455
951175
953800
956331
958934
961485
964099
966637
969238
971875
974386
977039
979568
982197
984814
987343
989951
992491
995098
997635
254
2890
5505
8189
10796
13366
15991
18571
21186
23835
26380
29048
31614
34265
36896
39465
42136
44757
47435
50121
52669
55339
57974
60562
63198
65875
68449
71051
73601
76195
78783
81282
83851
86343
88911
91399
93979
96461
99046
101497
104096
106572
109115
111537
114063
116474
118995
121431
123950
126368
128888
131299
133831
136253
138770
141192
143707
146138
148655
151165
153696
156109
158631
161127
163534
166053
168510
171043
173463
175985
178413
180948
183391
185941
188361
190894
193309
195847
198276
200798
203211
205737
208163
210708
213115
215659
218197
220736
223153
225681
228213
230721
233141
235659
238178
240703
243115
245644
248169
250697
253117
255647
258209
260767
263238
265823
268318
270896
273421
275990
278495
281076
283582
286166
288770
291247
293880
296356
298964
301441
304065
306530
309136
311622
314190
316775
319243
321827
324301
326883
329361
331916
334326
336866
339281
341805
344231
346774
349216
351741
354168
356701
359104
361665
364177
366714
369139
371669
374168
376703
379117
381642
384143
386541
389052
391477
393992
396388
398897
401322
403831
406241
408743
411175
413678
416082
418592
421124
423557
426085
428508
431066
433542
436096
438568
441112
443955
446525
449093
451583
454127
456573
459114
461572
464133
466602
469139
471609
474145
476602
479149
481660
484232
486812
489304
491888
494382
496959
499428
502020
504499
507071
509552
512133
514626
517208
519742
522296
524904
527432
530060
532651
535277
537936
540469
543088
545609
548235
550874
553449
556042
558594
561183
563836
566365
568991
571503
574109
576624
579246
581864
584428
587047
589581
592207
594883
597388
600028
602560
605204
607908
610411
613027
615533
618123
620574
623167
625820
628386
631025
633571
636159
638786
641325
643987
646548
649196
651816
654332
657011
659630
662318
665012
667588
670262
672971
675667
678472
681314
684130
686865
689715
692493
695319
698085
700810
703510
706301
709030
711801
714523
717281
719974
722616
725327
728112
730769
733530
736220
738974
741632
744425
747093
749665
752285
754968
757525
760252
762897
765485
768104
770695
773376
776105
778647
781310
783985
786565
789293
792021
794590
797264
799952
802535
805209
807953
810579
813394
816198
819043
821763
824644
827474
830363
833184
836052
838755
841630
844438
847357
850212
853125
855836
858724
861534
864475
867297
870171
873014
875725
878539
881443
884322
887298
890212
893166
896039
898834
901754
904723
907640
910709
913661
916748
919640
922605
925533
928546
931461
934439
937306
940268
943149
945880
948687
951658
954524
957490
960374
963229
966114
968763
971554
974415
977222
980192
983012
985647
988345
991037
993589
996312
999062
1632
4265
7008
9602
12287
15023
17579
20299
22971
25506
28214
30934
33492
36174
38897
41469
44189
46997
49654
52521
55291
58136
60794
63675
66475
69348
72203
75063
77758
80616
83433
86285
89089
91775
94621
97465
100343
103169
106048
108745
111677
114594
117554
120491
123405
126284
129155
131942
134642
137514
140553
143473
146394
149376
152272
155168
158021
160721
163571
166373
169144
171752
174524
177249
179980
182596
185339
188067
190642
193378
196108
198680
201371
204023
206467
209125
211622
214274
216937
219414
222102
224562
227201
229879
232442
235091
237535
240170
242804
245334
247977
250439
253067
255591
258282
261111
263719
266539
269334
272174
274965
277621
280443
283308
286121
288855
291736
294695
297605
300564
303535
306436
309285
312223
315112
317896
320754
323744
326655
329488
332416
335276
338222
341118
343792
346637
349495
352503
355401
358568
361563
364658
367611
370697
373609
376664
379462
382465
385277
388280
391124
393992
396840
399873
402701
405723
408559
411612
414442
417425
420287
423325
426193
429224
432097
434993
437879
441060
444006
447243
450233
453507
456515
459671
462648
465837
468858
472046
475092
478317
481361
484489
487542
490648
493741
496873
499870
502951
505927
509010
511991
515086
518088
521309
524376
527622
530721
534018
537122
540390
543452
546724
549808
553069
556142
559418
562506
565741
568834
572064
575199
578443
581528
584736
587757
591025
594041
597183
600243
603327
606344
609425
612468
615542
618537
621612
624603
627693
630674
633792
636734
639858
642744
645825
648672
651652
654447
657504
660401
663605
666619
669898
672903
676160
679173
682431
685440
688701
691713
694972
697977
701172
704176
707392
710395
713558
716563
719722
722722
725884
728899
732016
734977
738127
741151
744258
747264
750381
753371
756453
759431
762565
765562
768697
771643
774735
777629
780769
783753
786788
789781
792856
795841
798772
801667
804596
807526
810502
813479
816417
819316
822261
825212
828216
831176
834129
836966
840087
843317
846536
849760
852979
856216
859506
862763
865994
869232
872480
875764
879083
882379
885568
888807
891972
895268
898443
901719
904851
908023
911099
914330
917346
920534
923668
926933
929981
933165
936205
939460
942509
945718
948528
951729
954839
957954
961025
964102
967069
970105
973045
976125
979051
982078
984985
988074
990998
994003
996932
999941
2894
5969
8880
11945
14912
18164
21336
24375
27497
30577
33716
36856
39984
43052
46224
49346
52539
55672
58891
61944
65017
68032
71114
74132
77189
80283
83353
86454
89586
92756
95923
99100
102215
105387
108585
111756
114947
118075
121293
124467
127745
130858
134060
137114
140347
143445
146700
149790
153035
156178
159472
162585
165902
168982
172128
175097
178201
181329
184496
187620
190743
193813
196988
200182
203519
206756
210086
213349
216668
219931
223250
226508
229859
233174
236466
239804
243364
246674
250150
253453
256820
260201
263688
267076
270588
273989
277450
280884
284354
287813
291214
294606
298018
301404
304731
307973
311203
314486
317697
320947
324128
327304
330437
333554
336728
339881
343002
346206
349362
352547
355769
359045
362186
365427
368660
371921
375214
378515
381833
385141
388418
391713
394907
398201
401461
404958
408418
411992
415487
419132
422606
426257
429821
433463
436982
440736
444332
448044
451634
455312
458883
462647
466087
469763
473192
476812
480259
483848
487211
490702
494157
497674
501241
504795
508325
511867
515356
518843
522333
525758
529336
532928
536698
540364
544146
547834
551579
555263
559042
562633
566359
569916
573602
577238
580917
584470
588051
591529
595038
598505
602151
605582
609151
612659
616226
619756
623234
626608
630049
633329
636855
640243
643812
647230
650735
654200
657677
661080
664674
668136
671575
675129
678756
682284
685946
689370
692977
696486
700147
703670
707251
710769
714396
718002
721623
725475
729301
733201
737006
740771
744492
748260
752027
755681
759442
763091
766819
770476
774289
777945
781777
785562
789315
793115
797129
800998
804899
808690
812604
816527
820428
824287
828199
832042
835903
839702
843469
847322
851004
854983
858873
862904
867110
871033
875089
879101
883085
887103
891105
895055
899075
903184
907014
911049
914907
918829
922746
926614
930475
934186
938000
941652
945413
948984
952648
956332
960152
963838
967790
971482
975364
979228
983302
987162
991107
994944
998904
2834
7061
11117
15217
19434
23695
27997
32389
36657
40987
45422
49699
54069
58253
62469
66833
71093
75427
79544
83604
87614
91503
95348
99241
103017
106841
110496
114345
118014
121886
125668
129762
133664
137737
141659
145828
149919
154059
158036
162162
165919
170053
173901
178065
181905
186069
190128
194406
198695
203185
207761
212303
216931
221415
225876
230304
234898
239251
243293
247641
251810
256082
259968
264158
268044
272185
275991
280118
283860
287905
291793
295971
300097
304579
308969
313492
317943
322387
326806
331275
335670
340111
344496
348886
353446
358029
362600
367113
371645
376136
380682
385213
389782
394391
399056
403740
408349
413094
417725
422539
427224
431994
436641
441435
446098
450838
455480
460142
464764
469450
474081
478789
483476
488169
492911
497605
502450
507211
512067
516956
521883
526936
532109
537298
542420
547629
552842
557943
563195
568376
573654
578799
584114
589215
594252
599085
604001
608915
613831
618635
623544
628350
633200
638258
643301
648437
653425
658507
663488
668528
673472
678419
683355
688281
693183
698179
703120
708042
712937
717808
722650
727538
732479
737409
742278
747184
752115
757061
761940
766786
771592
776466
781555
786465
791557
796465
801647
806700
811861
816887
821994
827076
832177
837163
842330
847555
852759
857988
863130
868467
873581
878808
884026
889202
894253
899360
904348
909370
914360
919432
924477
929570
934615
939682
944676
949697
954678
959820
964930
970148
975412
980785
986095
991552
996933
2415
7733
13220
18654
24067
29434
34845
40163
45518
50831
56133
61492
66846
72160
77432
82620
87860
93087
98486
103974
109468
114963
120480
126000
131531
136963
142381
147672
153051
158308
163692
168979
174350
179582
184924
190259
195567
200883
206194
211588
216983
222384
227657
233052
238331
243758
248998
254391
259706
265157
270439
275914
281217
286583
291899
297238
302599
307855
313110
318390
323662
329000
334461
339746
345266
350715
356358
361883
367356
372882
378552
384137
389636
395154
400683
406170
411726
417327
422855
428286
433725
439230
444637
450294
455851
461308
466895
472612
478189
483776
489369
495037
500654
506180
511736
517415
522798
528403
533767
539400
544716
550285
555597
561180
566637
572285
577873
583526
589094
594734
600116
605740
611219
616847
622382
627980
633472
639149
644554
650105
655686
661284
666833
672574
678069
683665
689196
694665
700194
705870
711358
717077
722607
728175
733630
739267
744812
750519
755958
761494
766976
772445
777953
783397
788895
794383
799852
805374
810860
816385
821947
827548
832995
838603
844041
849840
855366
861030
866570
872306
877781
883492
889064
894960
900486
906218
911754
917670
923099
928885
934392
939999
945621
951265
956657
962292
967827
973675
979093
985002
990487
996219
1792
7640
13144
18918
24369
29995
35561
41261
46995
52845
58450
64375
70114
76179
81869
87936
93970
99964
106031
112195
118249
124292
130464
136538
142651
148744
154608
160685
166513
172342
178381
184245
190021
195950
201822
207922
213639
219585
225429
231336
237124
243279
249427
255625
262009
268149
274311
280284
286190
292237
298095
304449
310481
316652
322638
328879
334915
341152
347318
353311
359578
365569
371940
377899
384068
390252
396483
402595
408947
415302
421562
427672
434147
440323
446728
452876
459325
465661
472237
478528
485261
491370
497947
504310
510724
517061
523678
530039
536901
543669
550217
556520
563203
569449
576147
582560
589202
595630
602108
608789
615228
621570
627867
634383
640705
647093
653695
660325
666755
673247
679582
686049
692428
698853
705196
711642
717995
724428
730799
737245
743601
750039
756181
762423
768715
775309
781455
788104
794504
800980
807428
814069
820302
826737
833221
839550
845905
852452
859000
865554
871985
878604
885247
891979
898687
905188
911835
918581
925390
931812
938506
945157
952059
958734
965567
972144
979088
985805
992688
999168
6196
12698
19385
26323
33289
40166
47007
53766
60873
67692
74504
81247
88067
94927
101586
108372
115376
122092
128574
135669
142678
149730
156432
163831
170575
177829
184700
191876
198963
206323
213307
220616
227513
235229
242429
249862
256963
264538
271646
278836
286531
293606
300889
308074
315616
322676
330134
337482
344562
351711
359022
365995
373137
380093
387330
394433
401713
408965
416384
423915
431544
438680
445808
453216
460631
468020
475134
482286
489504
497102
504593
512069
519356
526514
533900
541083
548590
555836
562895
570204
577435
584909
592124
599436
606820
614277
621380
628842
636267
643779
651129
658621
665664
673243
680801
687823
695455
702363
709851
717011
724775
732430
739757
747098
754781
762372
769827
777365
785091
792326
799602
806976
814429
821931
829406
836836
844464
852315
859987
867681
875566
883203
890509
897829
905548
913226
920372
928001
935367
942894
950235
957765
965231
973351
980462
987723
995567
3103
10801
18122
25830
33357
40922
48668
56282
63706
71478
79411
86993
94647
101942
110052
117656
125294
132866
140272
148103
155555
163464
170899
178605
186335
193749
201195
209039
216694
224009
231614
238995
246894
254422
261635
269246
276819
284280
292252
299701
307561
314862
322462
330163
337920
345252
352965
360740
368164
375969
383177
391291
398811
406803
413920
421983
429691
437418
444575
452514
460199
467711
475258
483062
490623
498472
506067
514001
521568
529508
537000
545024
552096
560061
567846
575759
583404
591466
599619
607139
615670
623353
631422
639199
647796
655288
663570
671014
679585
687316
695457
703688
711986
719838
728088
736763
744708
752947
761071
769254
777657
785820
794041
802214
810516
818621
827490
835571
843648
852059
860770
868956
877340
885721
894207
902369
911013
919256
927730
935718
944570
953708
962088
969858
978325
987298
996160
5127
13742
22091
30741
39924
48210
57442
66258
75108
83577
92199
101087
110469
119074
128346
137317
146583
155004
164326
173578
182968
191939
201120
210101
219661
228952
237830
246682
255623
264640
274221
284031
293568
303151
312746
321631
330767
340064
350057
359322
369447
378675
388123
397219
406725
416201
425880
435685
445404
454895
464311
473359
482745
492095
502041
511648
521449
530940
540922
550717
560368
569746
579554
589537
598998
608910
618644
628050
637789
647269
656869
666446
676484
685893
695830
705350
715606
725051
735054
744731
754467
764226
773444
783311
793353
803184
812410
823457
834511
844850
855895
866384
877162
888287
900642
912741
924337
935978
946842
956641
967316
977080
987017
997147
7805
17091
27422
37113
48004
58659
69713
79913
89998
100389
110783
121377
131400
142542
152493
163623
173890
184686
194795
206373
217033
227036
236999
247433
256952
267152
276496
286798
297700
308315
318537
328740
338874
349263
359731
370705
382010
392963
404007
414884
425821
436517
446898
457241
468510
479539
490101
500444
511428
522489
533256
544336
555047
565520
576438
587046
597600
608150
619417
630964
642096
652508
663277
674178
684851
695761
706504
717219
727806
738386
749618
760272
771350
782421
793336
804332
815471
826329
837284
848273
859729
870492
881555
891695
902678
913608
925143
936387
947753
958887
970266
980819
991549
2733
13761
25085
36397
47800
59284
71080
82615
94042
105340
116407
128162
139793
151055
162370
174434
185630
197489
209209
220224
231911
243513
254552
266546
277630
290393
308628
320347
331428
343151
355327
366805
378984
391005
403488
415816
427680
440239
452159
464071
476509
488864
500790
512413
524550
536979
548767
561212
573509
585852
598048
610046
622258
634886
647248
659655
672030
685075
697352
709582
721755
734350
746999
758364
771155
784513
797095
808645
821632
833215
846018
859023
871047
884766
896950
909273
921715
934830
947463
960451
973076
985548
998681
10713
23337
35764
49591
62069
75039
87913
99856
113217
126210
139287
152297
165292
178780
192119
205514
217449
230147
242536
255615
269761
282966
295614
308748
322659
335416
349570
362523
376027
389289
402178
415356
429107
442536
456070
469063
483294
496961
509802
523514
536486
549965
563660
577434
589866
603549
616668
630452
644647
658486
671691
686110
700271
713485
727458
741578
755408
768797
783031
797629
812582
825856
839796
854888
868390
882088
896667
911117
925852
939682
953843
968058
982097
996729
10407
24899
39544
53406
68037
82256
96964
111979
126531
140999
155103
169482
184100
198235
213166
228580
244206
259959
274858
290306
305671
321096
335924
349949
366223
380467
396111
411679
427067
442710
458994
474566
490729
506129
522702
537376
553701
569502
585012
601467
616674
633043
648734
664909
681881
698507
715799
731831
748719
764637
781983
798339
815923
832884
850597
874100
890992
907151
924040
941824
958994
977647
994755
12731
29585
49235
67178
84671
102829
121230
138119
157021
174874
193613
210495
228776
247316
265758
283906
303445
322998
341479
360902
379699
397588
416512
435877
455472
475487
494574
512849
531329
550486
569445
588489
606622
627194
646669
665024
685426
704379
723367
742621
762306
782455
800577
818798
838715
