78906
127924
128838
129636
130879
131675
132477
133333
134546
135339
138556
139318
140177
140972
141770
142567
143464
145017
145818
146675
148353
149145
150002
151680
152477
153332
155020
155812
156682
158354
159158
160024
161689
162486
163354
165012
165809
166664
168353
169145
170004
171680
172485
173345
175022
175812
176676
178348
179145
180000
181687
182481
183341
185013
185808
186663
188354
189150
190015
191679
192478
193334
195020
195813
196679
198348
199144
199994
201687
202481
203347
205017
205821
206682
208354
209147
210009
211682
212479
213332
215026
215818
216686
218348
219148
220006
221693
222485
223349
225026
225824
226686
228353
229152
230021
231686
232487
233348
235021
235815
236685
238351
239152
240012
241688
242480
243350
245018
245820
246684
248357
249150
250013
251682
252482
253340
255019
255813
256684
258353
259158
260025
261697
262497
263362
265014
265813
266667
268352
269147
270015
271684
272487
273348
275029
275820
276692
278352
279152
280012
281686
282478
283341
285012
285811
286677
288359
289158
290024
291681
292478
293332
295020
295826
296705
298360
299176
300051
301695
302493
303375
305023
305838
306711
308356
309164
310038
311695
312506
313388
315027
315833
316711
318350
319158
320030
321699
322496
323378
325021
325832
326710
328363
329169
330042
331692
332495
333378
335023
335828
336711
338352
339163
340036
341699
342500
343383
345021
345829
346701
348361
349169
350044
351691
352496
353377
355030
355832
356714
358356
359168
360040
361695
362498
363386
365018
365829
366700
368357
369167
370042
371691
372493
373370
375027
375836
376718
378356
379169
380038
381698
382497
383384
385025
385833
386705
388358
389167
390047
391697
392502
393380
395024
395834
396718
398359
399175
400047
401695
402495
403380
405028
405843
406713
408356
409161
410035
411700
412506
413381
415024
415831
416716
418358
419172
420048
421699
422499
423381
425023
425831
426706
428353
429158
430037
431693
432501
433381
435016
435822
436699
438354
439166
440037
441702
442502
443384
445017
445825
446697
448365
449169
450042
451692
452496
453373
455029
455831
456708
458357
459168
460040
461701
462502
463385
465020
465828
466699
468354
469159
470033
471696
472499
473382
475025
475846
477714
478517
479324
480577
481598
482406
483228
484735
485536
486340
487820
488628
489429
491321
492130
492927
494413
495211
496024
497905
498712
499513
500986
501788
502594
503502
505105
505910
506815
508361
509177
510046
511695
512492
513376
515023
515843
516719
518364
519165
520039
521688
522496
523371
525023
525823
526694
528357
529174
530057
531694
532500
533380
535028
535877
536838
538393
539194
540068
541685
542482
543342
545023
545814
546678
548346
549145
550004
551686
552485
553349
555017
555815
556676
558353
559147
560010
561684
562485
563341
565024
565825
566693
568348
569146
570002
571688
572482
573345
575015
575814
576669
578350
579144
580008
581688
582493
583361
585017
585808
586670
588350
589148
590005
591690
592492
593361
595019
595817
596675
598351
599143
600006
601679
602479
603332
605017
605810
606673
608351
609155
610021
611688
612482
613345
615014
615813
616669
618350
619145
620009
621687
622485
623347
625024
625824
626690
628348
629156
630035
631696
632504
633388
635025
635834
636713
638361
639172
640069
641707
642522
643404
645034
645846
646733
648370
649185
650067
651699
652512
653402
655037
655859
656738
658370
659183
660070
661705
662522
663406
665033
665844
666737
668372
669193
670076
671699
672510
673397
675040
675861
676742
678368
679178
680069
681701
682519
683404
685032
685843
686729
688395
689213
690118
691732
692541
693455
695042
695865
696759
698370
699183
700069
701699
702513
703396
705035
705844
706737
708372
709189
710072
711707
712517
713402
715033
715853
716732
718369
719187
720076
721701
722573
723498
725109
725921
726840
728384
729192
730055
731692
732495
733382
735020
735831
736697
738357
739158
740031
741696
742495
743375
745024
745825
746706
748356
749164
750031
751691
752487
753370
755019
755826
756692
758353
759158
760031
761699
762503
763379
765022
765826
766703
768354
769168
770036
771695
772490
773376
775024
775872
776741
778359
779163
780038
781691
782498
783374
785020
785820
786695
788360
789177
790049
791697
792495
793377
795020
795840
796715
798363
799170
800047
801694
802497
803375
805030
805835
806710
808351
809158
810028
811699
812495
813381
815021
815829
816694
818353
819165
820044
821694
822496
823361
825026
825833
826714
828355
829165
830032
831699
832504
833384
835018
835828
836697
838357
839162
840039
841703
842506
843382
845022
845823
846696
848355
849163
850031
851691
852493
853378
855021
855828
856697
858353
859157
860032
861698
862506
863380
865024
865826
866705
868359
869172
870041
871694
872488
873368
875021
875832
876697
878357
879160
880038
881695
882504
883382
885019
885822
886694
888350
889167
890039
891693
892492
893374
895026
895841
896709
898361
899169
900056
901697
902514
903398
905044
905855
906741
908369
909188
910073
911738
912579
913476
915016
915816
916673
918351
919146
920013
921683
922482
923339
925025
925820
926687
928348
929143
929993
931683
932476
933337
935020
935823
936685
938356
939155
940027
941686
942488
943346
945018
945809
946674
948349
949150
950008
951689
952486
953352
955014
955812
956665
958351
959142
960009
961691
962488
963347
965021
965818
966692
968352
969153
970014
971686
972479
973344
975019
975822
976684
978356
979155
980022
981688
982490
983355
985015
985808
986672
988350
989147
990001
991687
992484
993357
995018
995822
996682
998356
999155
24
1681
2480
3336
5019
5809
6670
8354
9160
10025
11683
12474
13334
15016
15817
16677
18352
19148
20012
21680
22480
23343
25024
25822
26692
28360
29180
30062
31706
32524
33413
35030
35850
36733
38371
39183
40073
41708
42524
43407
45035
45847
46733
48374
49188
50069
51699
52516
53402
55031
55847
56725
58367
59178
60072
61709
62532
63424
65035
65846
66734
68369
69191
70073
71698
72508
73402
75039
75859
76736
78368
79180
80067
81700
82524
83411
85030
85839
86724
88358
89182
90066
91700
92513
93397
95034
95857
96827
98419
99265
100187
101733
102542
103420
105034
105844
106721
108359
109166
110042
111697
112494
113382
115026
115838
116718
118358
119168
120047
121693
122494
123371
125022
125832
126716
128353
129164
130042
131695
132497
133380
135018
135827
136695
138356
139165
140049
141699
142500
143375
145021
145824
146700
148352
149161
150026
151689
152490
153372
155016
155828
156698
158358
159161
160038
161696
162502
163377
165022
165824
166697
168354
169167
170036
171695
172491
173374
175020
175831
176701
178357
179163
180037
181698
182507
183386
185017
185819
186691
188358
189173
190047
191694
192492
193372
195023
195841
196709
198361
199168
200043
201689
202490
203375
205029
205831
206706
208356
209168
210046
211698
212496
213376
215018
215828
216698
218357
219168
220045
221690
222493
223366
225025
225832
226707
228351
229159
230029
231704
232506
233386
235015
235824
236690
238355
239158
240034
241690
242491
243367
245021
245827
246700
248351
249162
250028
251697
252498
253387
255020
255830
256697
258359
259162
260039
261695
262504
263381
265022
265823
266699
268353
269163
270035
271700
272510
273393
275034
275842
276718
278361
279173
280063
281702
282528
283427
285035
285847
286729
288366
289188
290072
291702
292513
293399
295039
295862
296744
298371
299182
300066
301698
302513
303401
305041
305853
306739
308365
309179
310063
311704
312515
313404
315032
315855
316733
318371
319191
320079
321725
322583
323475
325019
325809
326673
328354
329157
330014
331682
332475
333338
335017
335813
336671
338349
339141
340001
341682
342488
343348
345023
345813
346682
348351
349150
350006
351680
352475
353335
355021
355822
356681
358351
359146
360013
361684
362481
363337
365020
365813
366676
368344
369150
370008
371689
372481
373343
375018
375818
376676
378355
379150
380015
381681
382478
383333
385019
385814
386687
388348
389146
390002
391684
392477
393337
395015
395821
396686
398354
399154
400024
401685
402490
403348
405021
405813
406676
408346
409142
409996
411690
412483
413354
415014
415812
416666
418350
419144
420004
421681
422478
423334
425017
425813
426686
428352
429155
430012
431683
432475
433335
435014
435813
436666
438351
439160
440053
441731
442541
443434
445034
445837
446730
448362
449180
450061
451700
452513
453404
455035
455853
456731
458370
459182
460067
461707
462528
463423
465038
465849
466737
468372
469194
470075
471701
472512
473399
475034
475852
476729
478372
479184
480073
481700
482520
483406
485031
485844
486732
488370
489191
490079
491705
492515
493402
495034
495857
496738
498373
499187
500088
502606
504430
505246
506068
507964
508778
509589
511078
511892
512716
514612
515429
516241
517733
518540
519360
521262
522083
522899
524387
525197
526016
527921
528739
529547
531029
531842
532666
534571
535375
536181
537660
538465
539278
540198
541806
542618
543528
545085
545891
546796
548368
549179
550067
551697
552515
553398
555042
555850
556736
558365
559181
560066
561706
562519
563412
565036
565853
566731
568372
569184
570074
571705
572521
573404
575041
575855
576745
578364
579210
580060
581702
582518
583413
585042
585859
586743
588368
589185
590076
591702
592518
593398
595035
595856
596752
598371
599191
600072
601699
602511
603399
605039
605860
606743
608365
609175
610068
611710
612530
613423
615037
615847
616754
618366
619184
620070
621699
622512
623400
625039
625860
626757
628368
629180
630070
631755
632593
633555
634990
635794
636665
638362
639172
640044
641700
642503
643385
645021
645828
646698
648360
649166
650039
651689
652491
653372
655026
655827
656705
658353
659163
660029
661698
662504
663395
665025
665832
666701
668353
669163
670039
671691
672496
673366
675027
675833
676713
678351
679157
680022
681697
682496
683380
685021
685828
686696
688355
689156
690037
691696
692497
693375
695020
695827
696705
698356
699169
700038
701693
702492
703379
705026
705839
706706
708356
709159
710037
711697
712505
713380
715022
715825
716708
718357
719171
720039
721697
722492
723372
725021
725838
726710
728355
729158
730032
731694
732506
733384
735020
735822
736697
738354
739165
740035
741699
742497
743392
745022
745828
746700
748360
749162
750035
751689
752492
753373
755025
755827
756710
758357
759164
760033
761717
762575
763474
765020
765817
766672
768348
769142
770009
771683
772483
773343
775022
775819
776688
778347
779144
779997
781681
782475
783337
785017
785815
786677
788353
789150
790020
791690
792487
793348
795015
795810
796680
798352
799149
800008
801682
802475
803333
805021
805820
806682
808347
809138
809999
811684
812482
813339
815019
815817
816688
818353
819157
820021
821688
822482
823347
825017
825814
826670
828350
829147
830011
831687
832504
833372
835023
835825
836709
838353
839163
840034
841700
842497
843379
845020
845829
846697
848357
849159
850035
851691
852501
853380
855020
855820
856695
858353
859161
860029
861702
862502
863388
865025
865831
866702
868355
869158
870028
871695
872498
873377
875029
875836
876732
878370
879187
880072
881704
882520
883412
885032
885847
886727
888366
889179
890069
891705
892521
893402
895042
895858
896746
898365
899181
900063
901699
902513
903401
905036
905852
906733
908372
909183
910070
911702
912519
913400
915034
915850
916738
918365
919186
920067
921708
922518
923405
925040
925861
926744
928367
929180
930068
931707
932527
933410
935036
935847
936734
938368
939186
940070
941702
942515
943401
945037
945856
946742
948372
949183
950068
951698
952518
953400
955038
955851
956740
958365
959180
960069
961705
962515
963401
965036
965853
966736
968370
969180
970066
971699
972518
973403
975046
975855
976745
978372
979191
980072
981702
982517
983405
985032
985851
986735
988378
989196
990094
991701
992516
993401
995045
995864
996760
998368
999185
65
1704
2529
3431
5039
5856
6742
8370
9190
10083
11698
12516
13398
15045
15876
16798
18372
19191
20077
21702
22513
23403
25040
25857
26741
28370
29179
30071
31703
32520
33402
35036
35846
36739
38374
39197
40098
41704
42514
43400
45032
45854
46739
48368
49180
50068
51700
52519
53402
55042
55854
56748
58372
59195
60088
61709
62520
63408
65029
65854
66733
68375
69185
70070
71698
72521
73403
75038
75847
76736
78366
79183
80067
81717
82533
83427
85028
85845
86729
88376
89190
90080
91696
92514
93396
95041
95854
96741
98368
99184
100065
101698
102517
103409
105031
105846
106726
108404
109224
110144
111703
112519
113400
115034
115850
116743
118361
119176
120061
121703
122515
123403
125043
125857
126739
128367
129181
130068
131714
132533
133423
135033
135844
136743
138377
139195
140076
141695
142500
143384
145029
145850
146728
148361
149164
150055
151698
152517
153386
155032
155835
156726
158362
159181
160063
161706
162518
163406
165035
165852
166733
168369
169182
170068
171700
172525
173409
175033
175844
176734
178372
179188
180069
181712
182528
183427
185030
185846
186733
188374
189184
190069
191703
192519
193404
195045
195855
196744
198367
199214
200174
201718
202515
203383
205021
205824
206689
208348
209143
210003
211682
212482
213338
215023
215823
216696
218352
219155
220017
221685
222484
223348
225013
225808
226664
228353
229148
230015
231690
232494
233360
235013
235805
236664
238346
239142
239993
241684
242478
243339
245019
245815
246674
248353
249150
250012
251677
252476
253330
255020
255811
256684
258356
259157
260019
261686
262487
263357
265016
265810
266664
268348
269142
270008
271691
272489
273350
275023
275823
276693
278346
279144
279997
281683
282475
283334
285015
285812
286670
288350
289149
290015
291685
292480
293337
295016
295807
296672
298352
299151
300008
301682
302477
303342
305021
305821
306679
308347
309140
310004
311688
312488
313350
315015
315812
316681
318360
319247
320181
321778
322586
323498
325051
325865
326741
328354
329160
330032
331700
332506
333384
335019
335822
336701
338352
339162
340035
341700
342498
343381
345018
345828
346700
348362
349166
350043
351691
352495
353374
355020
355824
356702
358352
359161
360031
361698
362500
363386
365023
365833
366705
368354
369161
370034
371693
372494
373392
375028
375829
376710
378358
379169
380036
381695
382498
383383
385012
385820
386685
388359
389168
390048
391691
392495
393369
395023
395829
396708
398351
399160
400025
401693
402496
403385
405027
405835
406704
408354
409164
410045
411698
412500
413377
415023
415830
416715
418359
419174
420046
421693
422491
423372
425025
425839
426708
428354
429158
430034
431702
432510
433387
435017
435822
436700
438351
439161
440033
441696
442493
443379
445021
445833
446707
448354
449157
450028
451685
452493
453374
455020
455821
456698
458355
459165
460031
461700
462498
463380
465021
465829
466698
468354
469155
470028
471700
472519
473401
475041
475853
476739
478365
479182
480061
481708
482525
483429
485027
485844
486726
488375
489189
490079
491697
492514
493397
495043
495862
496762
498366
499183
500061
501699
502512
503404
505038
507158
508071
508889
509702
511244
512049
512861
514336
515146
515956
516890
518479
519294
520200
521655
522456
523330
525039
525860
526743
528360
529164
530048
531696
532509
533383
535028
535831
536719
538362
539184
540070
541700
542512
543397
545032
545852
546740
548368
549180
550068
551701
552522
553406
555032
555843
556732
558366
559183
560064
561706
562515
563401
565036
565856
566739
568367
569176
570065
571757
572582
573528
574523
575349
576167
577670
578487
579297
580230
581838
582658
584093
584905
585716
586567
588089
588903
589714
591201
592005
592824
594302
595119
595930
596864
598469
599285
600196
601765
602575
603495
605054
605872
606774
608377
609187
610075
611698
612515
613397
615045
615861
616766
618369
619184
620062
621702
622513
623400
625033
625851
626730
628373
629188
630074
631699
632515
633396
635040
635854
636743
638368
639183
640063
641701
642513
643403
645032
645851
646731
648367
649185
650069
651694
652511
653394
655037
655849
656737
658373
659194
660089
661700
662513
663399
665039
665859
666741
668364
669166
670059
671701
672512
673388
675033
675833
676719
678389
679231
680129
681687
682482
683347
685017
685814
686672
688351
689149
690015
691685
692490
693354
695017
695807
696670
698351
699147
700002
701680
702472
703329
705015
705813
706673
708352
709149
710014
711682
712480
713334
715018
715808
716668
718344
719141
719994
721688
722489
723358
725019
725814
726671
728349
729143
730002
731685
732482
733339
735020
735815
736683
738354
739157
740014
741685
742476
743346
745017
745813
746676
748352
749154
750022
751682
752477
753328
755019
755848
756714
758348
759146
760001
761686
762480
763351
765020
765820
766679
768347
769139
769999
771681
772480
773338
775019
775810
776680
778351
779154
780013
781692
782486
783350
785012
785808
786661
788352
789144
790012
791690
792492
793351
795018
795808
796668
798347
799145
800016
801687
802490
803368
805026
805834
806704
808355
809163
810040
811691
812494
813377
815040
815858
816752
818368
819182
820057
821694
822501
823386
825034
825850
826721
828364
829174
830071
831704
832525
833406
835035
835837
836724
838360
839186
840072
841703
842514
843402
845037
845855
846732
848361
849172
850065
851699
852522
853410
855038
855840
856729
858362
859178
860070
861709
862519
863405
865033
865842
866726
868361
869173
870069
871702
872519
873403
875039
875839
876725
878357
879176
880061
881706
882526
883422
885022
885831
886714
888365
889187
890076
891688
892500
893376
895038
895845
896727
898363
899178
900061
901690
902503
903384
905027
905854
906727
908367
909184
910073
911695
912506
913382
915034
915836
916724
918360
919171
920053
921694
922500
923385
925033
925844
926719
928361
929163
930054
931695
932506
933381
935029
935830
936719
938361
939177
940055
941694
942502
943382
945030
945842
946719
948360
949163
950051
951696
952515
953385
955031
955832
956719
958361
959170
960053
961702
962512
963390
965029
965837
966716
968363
969168
970054
971693
972511
973386
975031
975830
976718
978361
979170
980050
981699
982512
983388
985027
985834
986716
988366
989172
990061
991699
992508
993389
995026
995829
996716
998359
999166
45
1691
2504
3390
5020
5827
6710
8362
9171
10058
11690
12494
13367
15034
15836
16730
18362
19169
20037
21693
22503
23387
25021
25827
26707
28362
29166
30043
31696
32511
33383
35016
35816
36699
38361
39170
40034
41694
42492
43373
45033
45845
46710
48359
49162
50050
51693
52499
53374
55025
55829
56718
58358
59168
60039
61698
62497
63379
65023
65836
66720
68355
69158
70030
71696
72502
73381
75022
75822
76696
78356
79165
80036
81700
82500
83383
85017
85823
86713
88364
89166
90042
91694
92499
93381
95027
95830
96704
98351
99160
100025
101690
102494
103380
105020
105830
106698
108359
109168
110040
111689
112492
113366
115028
115835
116713
118352
119159
120024
121698
122494
123380
125020
125826
126692
128355
129163
130036
131687
132491
133367
135027
135833
136713
138356
139170
140037
141695
142489
143383
145022
145837
146705
148353
149155
150029
151692
152496
153371
155023
155825
156696
158360
159176
160049
161695
162493
163374
165019
165839
166713
168352
169154
170027
171693
172502
173388
175030
175831
176707
178353
179161
180034
181698
182495
183380
185015
185822
186698
188363
189166
190041
191691
192493
193370
195023
195823
196696
198352
199162
200030
201698
202502
203382
205019
205828
206697
208359
209171
210049
211691
212493
213372
215030
215836
216713
218351
219158
220027
221693
222496
223379
225017
225849
226764
228350
229144
230006
231689
232492
233355
235015
235803
236661
238347
239143
239995
241687
242482
243345
245015
245814
246674
248355
249153
250018
251680
252480
253340
255023
255815
256681
258352
259151
260013
261684
262481
263349
265023
265819
266683
268353
269147
270010
271678
272482
273345
275024
275818
276684
278353
279151
280012
281684
282475
283335
285011
285808
286662
288351
289149
290019
291684
292484
293344
295020
295808
296667
298348
299146
300002
301682
302478
303340
305018
305822
306688
308349
309139
309996
311683
312481
313336
315021
315816
316683
318347
319147
320011
321690
322485
323350
325017
325813
326671
328351
329151
330017
331686
332489
333359
335016
335805
336668
338347
339143
339996
341684
342476
343335
345016
345812
346677
348353
349151
350014
351675
352472
353323
355019
355808
356670
358347
359145
360003
361690
362492
363359
365014
365809
366663
368347
369139
369998
371687
372484
373347
375026
375820
376688
378351
379154
380012
381684
382477
383356
385017
385828
386706
388355
389159
390033
391692
392499
393379
395022
395823
396696
398351
399159
400028
401698
402497
403378
405016
405821
406689
408358
409172
410055
411707
412518
413405
415033
415847
416720
418355
419177
420051
421705
422545
423463
425027
425849
426722
428363
429177
430058
431709
432517
433401
435026
435842
436724
438358
439181
440056
441714
442516
443407
445025
445852
446719
448362
449179
450059
451700
452505
453396
455034
455851
456725
458355
459172
460051
461707
462510
463404
465028
465848
466721
468358
469180
470057
471703
472508
473404
475030
475842
476720
478354
479179
480056
481709
482511
483408
485023
485839
486715
488369
489183
490056
491702
492511
493402
495028
495838
496720
498362
499188
500053
501704
502511
503405
505025
505846
506721
508363
509174
510052
511710
512519
513405
515028
515839
516723
518360
519180
520054
521707
522514
523408
525024
525843
526718
528357
529177
531499
533198
534714
535514
536339
537813
538637
539439
540929
541742
542554
543456
545090
545903
546803
548355
549173
550047
551707
552507
553405
555035
555859
556726
558357
559172
560054
561709
562518
563403
565026
565846
566724
568357
569175
570053
571705
572507
573405
575029
575849
576717
578360
579177
580062
581706
582513
583405
585027
585844
586722
588356
589177
590052
591704
592506
593404
595024
595847
596717
598358
599177
600056
601698
602503
603395
605028
605842
606726
608364
609183
610053
611706
612508
613403
615023
615849
616721
618361
619177
620058
621707
622522
623410
625022
625834
626717
628356
629177
630053
631711
632512
633407
635024
635853
636725
638365
639179
640058
641711
642522
643406
645024
645845
646726
648358
649176
650053
651704
652508
653402
655027
655848
656716
658359
659176
660063
661708
662517
663402
665032
665850
666721
668350
669175
670051
671706
672506
673405
675028
675847
676717
678362
679175
680057
681704
682511
683407
685028
685845
686722
688365
689190
690059
691706
692513
693408
695023
695844
696718
698358
699178
700057
701702
702510
703404
705029
705843
706722
708361
709181
710054
711705
712511
713409
715026
715846
716718
718360
719173
720053
721703
722510
723401
725028
725842
726725
728360
729207
730077
731696
732503
733385
735020
735832
736699
738355
739159
740031
741696
742494
743369
745234
746043
747472
748274
749075
749902
751408
752217
753027
754500
755301
756102
757575
758378
759184
760059
761744
762548
763438
765026
765836
766707
768353
769159
770035
771692
772501
773380
775023
775822
776698
778350
779157
780025
781703
782507
783393
785018
785826
786695
788362
789168
790045
791694
792496
793376
795029
795836
796717
798355
799166
800034
801692
802494
803379
805023
805829
806697
808353
809160
810040
811695
812497
813374
815023
815824
816698
818353
819162
820030
821693
822493
823381
825024
825830
826698
828359
829166
830043
831694
832497
833375
835019
835819
836696
838380
839181
840047
841684
842476
843335
845012
845809
846664
848348
849142
850008
851681
852485
853342
855017
855807
856666
858347
859145
859997
861684
862476
863342
865020
865825
866693
868348
869138
869994
871680
872478
873333
875016
875805
876666
878349
879150
880014
881689
882489
883355
885011
885810
886665
888353
889145
890011
891683
892489
893350
895026
895822
896687
898354
899151
900009
901680
902473
903332
905034
905846
906717
908353
909155
910026
911691
912497
913376
915025
915824
916699
918350
919156
920020
921700
922496
923376
925018
925824
926694
928359
929162
930038
931694
932500
933378
935026
935831
936708
938350
939160
940026
941695
942493
943380
945025
945833
946702
948362
949170
950043
951685
952490
953365
955031
955839
956726
958361
959168
960038
961692
962489
963373
965020
965826
966694
968349
969154
970031
971692
972496
973372
975026
975829
976707
978354
979170
980040
981693
982489
983373
985021
985831
986700
988353
989154
990027
991696
992496
993371
995020
995820
996695
998356
999170
44
1689
2488
3377
5025
5838
6727
8354
9162
10039
11711
12524
13410
15028
15837
16725
18365
19183
20053
21703
22510
23406
25025
25852
26723
28361
29174
30059
31703
32510
33402
35027
35843
36727
38361
39182
40054
41712
42512
43406
45024
45847
46719
48360
49182
50063
51703
52509
53403
55035
55851
56723
58356
59176
60054
61708
62510
63409
65031
65847
66719
68360
69177
70056
71701
72509
73403
75026
75839
76726
78363
79188
80058
81704
82506
83402
85020
85874
86768
88361
89174
90056
91712
92521
93405
95027
95837
96721
98362
99186
100055
101706
102511
103407
105027
105847
106719
108359
109173
110057
111703
112511
113402
115028
115841
116729
118357
119175
120050
121710
122512
123405
125026
125850
126718
128358
129173
130061
131707
132514
133405
135028
135844
136721
138356
139172
140050
141707
142506
143404
145032
145854
146722
148359
149178
150062
151699
152505
153402
155029
155838
156723
158357
159183
160054
161705
162506
163402
165024
165843
166716
168359
169175
170058
171704
172518
173405
175029
175843
176720
178360
179186
180053
181707
182517
183411
185024
185843
186720
188367
189181
190056
191707
192515
193402
195027
195838
196725
198364
199182
200053
201704
202511
203405
205025
205844
206719
208357
209174
210059
211712
212516
213401
215037
215858
216733
218352
219173
220050
221710
222511
223408
225025
225849
226718
228360
229173
230056
231701
232507
233398
235028
235842
236723
238360
239183
240053
241709
242512
243407
245026
245847
246718
248360
249180
250055
251702
252507
253405
255028
255839
256720
258358
259183
260053
261704
262508
263412
265023
265844
266724
268366
269183
270057
271704
272512
273402
275027
275839
276722
278360
279180
280055
281706
282513
283404
285018
285835
286714
288361
289176
290057
291708
292515
293405
295033
295848
296722
298357
299176
300050
301708
302510
303404
305024
305851
306720
308358
309171
310054
311706
312514
313404
315034
315850
316726
318355
319175
320053
321711
322513
323404
325028
325851
326718
328357
329179
330055
331702
332507
333404
335031
335844
336721
338356
339174
340054
341705
342507
343406
345028
345849
346720
348369
349185
350060
351696
352508
353400
355030
355843
356721
358357
359210
360098
361697
362494
363378
365024
365841
366709
368353
369154
370029
371694
372499
373379
375027
375828
376704
378349
379166
380039
381694
382491
383372
385014
385830
386706
388358
389160
390033
391691
392501
393380
395022
395824
396697
398354
399165
400040
401699
402495
403376
405019
405828
406699
408362
409169
410042
411691
412493
413372
415030
415831
416705
418347
419155
420020
421696
422498
423379
425020
425827
426701
428361
429169
430042
431694
432495
433372
435024
435830
436708
438354
439162
440034
441697
442498
443382
445020
445830
446700
448355
449164
450041
451686
452488
453364
455024
455827
456705
458356
459171
460038
461694
462490
463372
465019
465829
466701
468380
469171
470042
471678
472484
473343
475027
475822
476690
478354
479152
480012
481686
482479
483341
485009
485808
486666
488353
489152
490019
491679
492478
493335
495020
495813
496678
498347
499148
500003
501685
502486
503352
505018
505815
506676
508352
509145
510008
511679
512477
513330
515027
515826
516701
518350
519154
520018
521685
522479
523341
525012
525807
526660
528353
529154
530021
531686
532482
533340
535027
535826
536699
538349
539162
540031
541702
542498
543379
545018
545826
546695
548359
549164
550039
551686
552495
553373
555939
557757
558559
559367
561255
562059
562870
564352
565153
565956
566872
568464
569273
570183
571732
572537
573411
575028
575843
576712
578363
579165
580045
581696
582499
583377
585025
585830
586707
588349
589157
590024
591698
592493
593377
595020
595830
596698
598355
599164
600036
601688
602490
603364
605025
605831
606708
608358
609165
610033
611698
612497
613379
615018
615826
616691
618351
619160
620035
621695
622502
623377
625019
625826
626706
628350
629157
630022
631696
632498
633385
635017
635826
636691
638356
639159
640032
641705
642511
643399
645022
645842
646722
648363
649187
650057
651703
652503
653400
655024
655846
656717
658361
659179
660057
661702
662509
663401
665037
665850
666722
668350
669173
670049
671705
672511
673407
675026
675847
676719
678366
679180
680056
681702
682507
683401
685022
685833
686712
688360
689177
690053
691709
692513
693402
695023
695846
696719
698367
699182
700054
701703
702512
703405
705023
705836
706716
708357
709176
710048
711706
712505
713399
715024
715849
716722
718359
719172
720049
721710
722517
723401
725027
725843
726720
728354
729173
730052
731709
732510
733408
735020
735842
736714
738356
739207
740108
741708
742516
743404
745028
745845
746720
748355
749179
750052
751703
752504
753404
755023
755843
756720
758362
759179
760056
761700
762507
763404
765029
765844
766721
768355
769177
770056
771709
772514
773406
775023
775842
776714
778359
779179
780054
781704
782518
783407
785026
785838
786721
788358
789180
790052
791709
792513
793404
795021
795848
796725
798367
799180
800054
801698
802508
803396
805027
805849
806725
808359
809177
810057
811715
812520
813410
815027
815851
816720
818357
819174
820053
821706
822510
823405
825034
825851
826724
828355
829174
830053
831705
832506
833401
835026
835849
836719
838362
839177
840056
841706
842512
843403
845027
845839
846719
848362
849184
850054
851704
852504
853401
855025
855845
856716
858362
859181
860056
861701
862507
863395
865026
865839
866726
868358
869180
870051
871705
872509
873404
875021
875840
876712
878366
879181
880059
881708
882520
883413
885020
885834
886721
888356
889176
890054
