125537
128587
129422
130648
131463
132265
133061
134328
135127
135926
139088
139923
140762
141559
142356
143154
144790
145604
146403
148124
148938
149731
151456
152268
153062
154796
155605
156400
158125
158941
159743
161457
162274
163072
164790
165598
166395
168124
168937
169733
171457
172266
173070
174791
175606
176400
178125
178935
179731
181460
182271
183067
184790
185599
186394
188125
188938
189738
191458
192265
193063
194795
195604
196401
198126
198935
199729
201454
202271
203069
204791
205604
206407
208127
208938
209735
211458
212268
213064
214792
215611
216406
218121
218934
219733
221460
222277
223073
224790
225613
226410
228125
228938
229740
231458
232273
233072
234792
235606
236403
238124
238938
239737
241458
242271
243068
244792
245604
246406
248127
248942
249737
251455
252269
253067
254791
255603
256401
258123
258940
259743
261461
262282
263084
264790
265601
266398
268122
268936
269734
271458
272270
273072
274795
275613
276409
278124
278939
279737
281459
282269
283066
284789
285599
286397
288126
288946
289745
291456
292267
293062
294792
295606
296415
298125
298948
299763
301459
302279
303081
304792
305611
306426
308126
308941
309752
311458
312284
313092
314795
315612
316422
318122
318938
319744
321459
322285
323085
324792
325610
326418
328128
328948
329756
331458
332279
333081
334791
335609
336419
338123
338940
339749
341461
342284
343088
344792
345609
346416
348127
348946
349757
351456
352279
353082
354794
355615
356422
358125
358943
359756
361459
362280
363086
364791
365606
366416
368126
368942
369754
371457
372278
373079
374793
375612
376426
378125
378944
379755
381458
382283
383085
384792
385613
386420
388125
388942
389755
391459
392285
393089
394792
395609
396423
398125
398947
399761
401456
402280
403083
404795
405616
406429
408126
408940
409748
411456
412288
413091
414792
415611
416420
418126
418946
419759
421459
422284
423087
424792
425610
426417
428125
428938
429747
431461
432281
433087
434788
435604
436411
438125
438943
439753
441458
442287
443090
444791
445605
446413
448128
448951
449757
451456
452280
453082
454792
455615
456419
458125
458944
459754
461459
462286
463091
464792
465608
466415
468123
468939
469747
471458
472284
473085
474796
475612
477473
478296
479106
480344
481378
482184
482994
484503
485320
486122
487584
488405
489216
491085
491908
492716
494171
494998
495801
497679
498493
499299
500756
501566
502377
503196
504868
505691
506498
508131
508949
509763
511459
512281
513081
514793
515611
516427
518128
518948
519754
521457
522276
523082
524792
525608
526412
528126
528944
529762
531464
532283
533092
534793
535620
536463
538163
538982
539786
541460
542276
543072
544798
545612
546407
548129
548937
549734
551461
552275
553076
554797
555608
556405
558131
558942
559739
561463
562276
563074
564797
565613
566418
568124
568939
569735
571465
572276
573074
574796
575606
576402
578129
578940
579737
581463
582280
583083
584796
585605
586402
588128
588941
589738
591464
592279
593083
594794
595610
596405
598131
598940
599736
601460
602270
603068
604795
605606
606402
608128
608942
609744
611466
612276
613074
614796
615605
616403
618127
618939
619738
621463
622278
623075
624798
625613
626417
628128
628941
629746
631463
632286
633097
634792
635618
636423
638130
638949
639765
641466
642299
643112
644796
645622
646438
648129
648961
649775
651460
652288
653105
654799
655630
656447
658128
658960
659775
661462
662296
663112
664795
665622
666436
668130
668964
669783
671461
672288
673101
674797
675631
676449
678128
678957
679770
681466
682294
683109
684793
685620
686435
688132
688980
689802
691487
692319
693134
694805
695634
696453
698128
698960
699775
701460
702291
703103
704795
705625
706436
708133
708964
709779
711463
712296
713109
714795
715624
716442
718128
718959
719779
721467
722293
723161
724821
725695
726528
728157
728972
729778
731458
732278
733083
734793
735607
736416
738126
738942
739746
741459
742283
743083
744792
745609
746415
748126
748945
749750
751455
752277
753076
754792
755607
756412
758125
758939
759746
761462
762286
763088
764792
765608
766416
768123
768942
769754
771458
772279
773079
774794
775612
776456
778125
778945
779752
781458
782279
783084
784789
785605
786410
788129
788948
789763
791459
792282
793083
794791
795609
796425
798125
798948
799758
801461
802281
803083
804794
805615
806424
808124
808939
809744
811459
812284
813083
814795
815608
816414
818125
818939
819753
821460
822282
823082
824791
825612
826423
828128
828943
829751
831459
832285
833092
834790
835606
836414
838125
838943
839750
841461
842291
843092
844793
845607
846412
848125
848943
849748
851457
852276
853082
854796
855608
856414
858125
858939
859745
861460
862286
863091
864793
865609
866415
868126
868947
869758
871460
872279
873076
874791
875609
876417
878126
878942
879749
881461
882282
883090
884791
885604
886410
888123
888938
889754
891458
892279
893081
894796
895614
896426
898126
898948
899760
901461
902289
903104
904797
905633
906447
908132
908962
909777
911462
912326
913180
914798
915607
916405
918128
918940
919739
921465
922274
923070
924797
925613
926413
928129
928938
929732
931462
932271
933068
934795
935610
936412
938129
938945
939747
941462
942277
943077
944796
945606
946402
948131
948940
949738
951462
952277
953078
954795
955606
956401
958130
958940
959734
961468
962282
963078
964795
965610
966410
968126
968944
969743
971463
972275
973070
974799
975610
976411
978129
978946
979747
981463
982279
983079
984795
985605
986401
988132
988940
989736
991462
992275
993078
994794
995610
996411
998129
998945
999747
1463
2272
3069
4796
5608
6402
8128
8945
9749
11460
12272
13066
14798
15608
16406
18129
18942
19739
21462
22271
23070
24797
25613
26415
28131
28952
29770
31464
32295
33116
34792
35622
36438
38130
38960
39776
41462
42299
43114
44795
45624
46438
48132
48966
49778
51461
52289
53108
54796
55623
56435
58129
58956
59771
61467
62302
63121
64796
65625
66439
68126
68961
69779
71460
72287
73100
74799
75630
76447
78128
78956
79772
81462
82292
83114
84792
85619
86434
88128
88949
89772
91461
92289
93105
94795
95626
96446
98150
99006
99875
101504
102322
103128
104792
105620
106433
108130
108947
109753
111458
112283
113082
114799
115614
116423
118126
118943
119757
121457
122280
123080
124792
125608
126422
128127
128942
129749
131458
132280
133086
134790
135606
136412
138127
138942
139755
141461
142287
143085
144791
145607
146413
148124
148939
149747
151455
152274
153078
154792
155604
156413
158128
158942
159750
161458
162284
163088
164793
165607
166413
168121
168942
169754
171457
172280
173080
174791
175608
176417
178129
178944
179751
181458
182286
183092
184790
185602
186409
188125
188945
189759
191459
192279
193081
194792
195611
196425
198125
198947
199758
201455
202277
203076
204795
205614
206420
208125
208943
209754
211457
212283
213084
214791
215606
216412
218128
218942
219757
221457
222277
223079
224792
225611
226422
228125
228938
229745
231463
232289
233095
234789
235602
236410
238125
238941
239747
241457
242277
243076
244792
245607
246416
248126
248939
249748
251457
252283
253087
254793
255608
256415
258129
258944
259750
261458
262283
263090
264791
265607
266412
268123
268940
269749
271464
272288
273100
274796
275625
276431
278130
278950
279765
281463
282294
283118
284794
285625
286438
288128
288957
289778
291462
292291
293105
294795
295631
296450
298130
298960
299774
301461
302290
303102
304797
305631
306445
308129
308955
309768
311463
312293
313107
314796
315624
316442
318129
318960
319783
321460
322314
323181
324798
325607
326401
328129
328945
329746
331461
332271
333066
334798
335608
336403
338129
338938
339733
341462
342273
343077
344797
345612
346406
348133
348942
349739
351460
352269
353067
354795
355611
356412
358129
358940
359738
361466
362275
363070
364797
365609
366406
368126
368935
369738
371462
372278
373072
374797
375609
376406
378130
378944
379741
381461
382271
383068
384794
385608
386406
388131
388939
389736
391461
392272
393069
394796
395606
396410
398128
398943
399746
401464
402276
403079
404797
405609
406405
408128
408937
409732
411461
412279
413075
414797
415605
416401
418127
418939
419736
421462
422272
423068
424795
425606
426406
428131
428944
429744
431462
432272
433067
434794
435605
436401
438130
438942
439752
441466
442322
443131
444798
445623
446431
448128
448954
449770
451460
452289
453105
454796
455626
456441
458130
458958
459774
461462
462299
463118
464797
465627
466442
468128
468964
469783
471462
472291
473104
474792
475625
476441
478133
478961
479777
481463
482291
483110
484794
485621
486436
488131
488962
489781
491465
492294
493108
494797
495626
496445
498129
498962
499779
502333
504188
505019
505838
507728
508557
509370
510837
511668
512485
514376
515204
516018
517489
518316
519133
521019
521854
522673
524148
524977
525789
527682
528513
529329
530797
531619
532435
534335
535159
535965
537428
538249
539058
539887
541566
542396
543227
544851
545677
546482
548132
548957
549772
551460
552289
553105
554797
555631
556442
558129
558957
559772
561467
562295
563111
564796
565628
566443
568127
568961
569777
571466
572296
573110
574796
575629
576448
578128
578956
579771
581461
582291
583111
584796
585634
586450
588128
588958
589777
591462
592293
593109
594796
595625
596449
598132
598963
599781
601460
602288
603104
604796
605630
606450
608126
608954
609769
611466
612302
613121
614795
615626
616440
618126
618958
619773
621461
622289
623104
624798
625631
626450
628128
628957
629772
631463
632345
633198
634764
635577
636384
638134
638950
639758
641458
642285
643093
644792
645608
646414
648125
648946
649754
651455
652277
653077
654792
655611
656417
658125
658941
659748
661459
662283
663092
664797
665612
666419
668123
668939
669751
671458
672279
673083
674792
675612
676423
678127
678939
679744
681459
682283
683084
684790
685609
686415
688124
688940
689745
691461
692283
693082
694792
695606
696416
698125
698945
699755
701456
702279
703080
704795
705613
706426
708127
708942
709748
711459
712284
713091
714792
715609
716414
718126
718945
719757
721459
722282
723081
724790
725609
726425
728126
728940
729748
731458
732282
733092
734791
735606
736412
738126
738942
739751
741457
742283
743091
744795
745610
746415
748125
748945
749751
751456
752277
753078
754791
755610
756417
758131
758944
759750
761459
762302
763164
764794
765607
766402
768121
768932
769731
771460
772270
773068
774790
775607
776407
778124
778934
779729
781458
782266
783062
784792
785604
786401
788125
788938
789738
791458
792277
793073
794790
795600
796398
798128
798938
799734
801456
802266
803062
804791
805609
806406
808123
808932
809726
811461
812272
813067
814793
815604
816405
818123
818940
819742
821459
822272
823069
824794
825604
826400
828124
828935
829735
831459
832275
833089
834788
835608
836418
838124
838940
839750
841458
842284
843086
844794
845608
846416
848124
848942
849748
851458
852278
853088
854791
855605
856410
858126
858941
859746
861457
862287
863091
864797
865612
866418
868122
868941
869746
871460
872283
873083
874792
875616
876428
878132
878961
879777
881463
882294
883112
884792
885623
886437
888128
888956
889772
891466
892297
893110
894798
895631
896449
898130
898957
899770
901460
902289
903105
904795
905628
906442
908133
908960
909775
911463
912294
913110
914797
915623
916443
918126
918958
919776
921466
922296
923110
924798
925632
926450
928129
928957
929772
931463
932299
933117
934795
935626
936439
938131
938960
939775
941464
942291
943107
944797
945628
946445
948132
948960
949775
951460
952289
953107
954797
955627
956443
958131
958956
959769
961466
962294
963107
964798
965628
966443
968127
968960
969773
971462
972290
973107
974801
975635
976448
978131
978963
979781
981461
982292
983109
984794
985624
986441
988133
988968
989788
991464
992292
993105
994798
995635
996456
998132
998960
999775
1465
2294
3121
4798
5631
6445
8129
8959
9783
11462
12290
13105
14800
15634
16469
18133
18964
19782
21462
22291
23106
24797
25632
26447
28128
28959
29772
31463
32298
33109
34793
35625
36438
38131
38966
39787
41466
42293
43106
44797
45624
46443
48129
48957
49771
51460
52292
53109
54801
55632
56447
58130
58964
59786
61461
62299
63114
64793
65622
66444
68129
68964
69777
71463
72289
73111
74796
75628
76440
78128
78958
79774
81465
82306
83125
84791
85620
86437
88128
88965
89783
91461
92287
93104
94795
95630
96447
98131
98960
99774
101460
102288
103109
104795
105622
106436
108129
108993
109816
111466
112294
113108
114795
115624
116443
118125
118953
119766
121462
122292
123108
124798
125634
126448
128126
128958
129774
131462
132305
133122
134794
135622
136437
138134
138969
139784
141461
142285
143093
144795
145621
146440
148128
148951
149756
151464
152290
153106
154796
155621
156428
158130
158954
159771
161462
162295
163111
164799
165626
166442
168127
168959
169775
171463
172292
173114
174794
175622
176436
178133
178963
179777
181463
182301
183121
184791
185623
186437
188130
188963
189776
191466
192294
193109
194797
195634
196448
198129
198959
199802
201495
202306
203108
204798
205613
206414
208127
208937
209735
211462
212273
213071
214796
215612
216416
218129
218944
219745
221463
222275
223076
224795
225604
226398
228129
228943
229739
231466
232281
233084
234792
235601
236398
238129
238937
239732
241462
242273
243071
244796
245610
246405
248128
248943
249742
251459
252268
253066
254796
255608
256404
258135
258948
259746
261463
262274
263078
264795
265607
266401
268125
268937
269734
271467
272283
273080
274794
275612
276417
278128
278938
279733
281463
282272
283067
284793
285607
286403
288129
288939
289741
291462
292276
293069
294796
295605
296400
298131
298944
299740
301458
302271
303070
304794
305612
306411
308127
308936
309732
311466
312280
313077
314795
315605
316405
318126
318951
319843
321507
322364
323192
324816
325638
326451
328124
328940
329748
331458
332289
333093
334790
335605
336412
338125
338940
339748
341458
342286
343087
344791
345606
346414
348127
348947
349754
351460
352279
353080
354792
355606
356414
358125
358940
359748
361458
362283
363089
364797
365612
366420
368120
368940
369748
371458
372281
373081
374798
375613
376418
378130
378947
379755
381458
382281
383086
384788
385601
386407
388126
388944
389756
391459
392279
393081
394793
395609
396419
398125
398939
399746
401456
402279
403084
404795
405615
406421
408124
408940
409752
411458
412285
413087
414794
415608
416419
418124
418947
419760
421458
422279
423080
424790
425613
426426
428124
428939
429746
431461
432290
433096
434788
435604
436412
438124
438939
439747
441459
442281
443081
444796
445609
446420
448126
448940
449746
451453
452273
453078
454793
455606
456411
458128
458943
459750
461458
462285
463087
464793
465609
466416
468122
468939
469743
471463
472290
473109
474793
475630
476445
478128
478956
479772
481463
482298
483117
484792
485618
486434
488129
488965
489781
491460
492288
493105
494795
495633
496454
498130
498959
499772
501459
502288
503104
504794
506910
507851
508664
509478
510998
511833
512641
514107
514927
515735
516572
518248
519071
519909
521428
522244
523049
524803
525631
526450
528126
528950
529756
531463
532288
533099
534792
535617
536424
538129
538954
539774
541462
542289
543104
544794
545623
546442
548128
548957
549772
551464
552293
553112
554794
555621
556436
558130
558958
559772
561464
562294
563108
564800
565627
566446
568124
568957
569768
571466
572349
573182
574283
575113
575941
577419
578262
579077
579910
581596
582430
583857
584681
585495
586310
587847
588680
589493
590963
591791
592597
594070
594894
595708
596540
598231
599061
599888
601520
602354
603168
604816
605645
606463
608130
608966
609780
611460
612289
613105
614796
615633
616454
618131
618961
619774
621463
622291
623106
624795
625624
626440
628129
628962
629781
631463
632291
633104
634792
635627
636446
638127
638960
639773
641463
642291
643105
644794
645625
646442
648130
648957
649776
651459
652286
653101
654794
655626
656442
658131
658965
659785
661461
662289
663105
664796
665630
666449
668123
668954
669759
671469
672293
673102
674796
675620
676426
678129
678980
679819
681459
682272
683069
684790
685604
686400
688125
688936
689738
691458
692272
693075
694790
695600
696396
698128
698939
699733
701453
702264
703060
704791
705602
706399
708125
708936
709736
711461
712271
713065
714792
715601
716398
718122
718931
719726
721458
722273
723076
724795
725606
726400
728123
728935
729731
731459
732272
733067
734788
735603
736404
738126
738941
739741
741458
742268
743066
744794
745603
746400
748125
748937
749742
751457
752269
753062
754792
755603
756436
758124
758935
759731
761459
762271
763068
764794
765608
766406
768121
768931
769727
771458
772269
773065
774791
775602
776399
778128
778938
779739
781461
782277
783074
784788
785599
786394
788125
788936
789732
791459
792277
793077
794791
795601
796397
798125
798935
799732
801456
802272
803079
804793
805615
806420
808126
808941
809753
811460
812278
813082
814794
815629
816451
818124
818960
819773
821462
822283
823094
824797
825625
826440
828132
828953
829767
831465
832297
833114
834792
835623
836432
838128
838952
839776
841463
842291
843107
844797
845630
846444
848127
848950
849765
851461
852291
853112
854797
855626
856433
858134
858954
859768
861465
862298
863112
864795
865626
866431
868126
868950
869765
871467
872294
873109
874795
875627
876433
878129
878949
879765
881463
882296
883119
884790
885614
886422
888130
888955
889779
891460
892280
893089
894796
895626
896437
898132
898955
899768
901460
902279
903095
904796
905619
906444
908133
908956
909777
911467
912286
913096
914795
915621
916429
918125
918950
919762
921463
922284
923093
924799
925625
926434
928130
928949
929756
931461
932286
933096
934793
935617
936423
938132
938952
939766
941463
942283
943094
944797
945621
946432
948128
948949
949755
951462
952287
953105
954794
955619
956425
958130
958952
959759
961463
962292
963104
964798
965621
966427
968127
968953
969761
971463
972285
973100
974795
975618
976424
978133
978954
979760
981463
982289
983105
984792
985619
986425
988129
988956
989765
991468
992290
993098
994797
995613
996423
998130
998950
999755
1460
2281
3096
4799
5612
6418
8129
8951
9763
11461
12282
13083
14796
15622
16430
18128
18954
19759
21462
22282
23095
24795
25613
26417
28129
28952
29758
31464
32289
33101
34791
35604
36409
38128
38953
39759
41462
42284
43085
44796
45624
46435
48131
48947
49754
51459
52285
53089
54796
55613
56423
58130
58949
59757
61464
62288
63089
64795
65615
66427
68125
68944
69750
71461
72287
73092
74795
75610
76415
78132
78948
79755
81462
82290
83092
84793
85608
86416
88129
88953
89758
91465
92285
93089
94795
95614
96423
98128
98943
99750
101458
102280
103086
104799
105612
106420
108130
108948
109760
111462
112280
113082
114796
115617
116429
118126
118943
119748
121466
122288
123087
124796
125612
126417
128130
128945
129755
131460
132278
133081
134795
135615
136428
138130
138948
139759
141463
142283
143081
144797
145615
146427
148128
148942
149747
151460
152284
153086
154795
155611
156418
158131
158951
159766
161465
162285
163085
164795
165610
166427
168121
168937
169743
171459
172281
173088
174798
175614
176421
178124
178942
179746
181458
182284
183084
184789
185603
186409
188130
188949
189755
191459
192279
193079
194792
195607
196413
198125
198939
199747
201457
202283
203091
204791
205607
206415
208127
208945
209761
211458
212279
213079
214795
215615
216426
218122
218939
219745
221458
222279
223085
224792
225606
226436
228126
228937
229731
231458
232276
233077
234788
235597
236392
238125
238933
239728
241458
242272
243069
244791
245602
246400
248123
248938
249741
251456
252268
253065
254794
255607
256403
258125
258939
259736
261458
262268
263069
264792
265610
266405
268127
268937
269735
271456
272265
273068
274792
275606
276407
278125
278939
279736
281461
282269
283062
284788
285599
286394
288125
288935
289736
291458
292272
293068
294795
295604
296397
298125
298936
299731
301456
302266
303065
304790
305607
306408
308125
308933
309727
311458
312270
313066
314792
315604
316405
318121
318935
319732
321461
322275
323074
324792
325603
326400
328125
328937
329738
331459
332273
333074
334789
335598
336395
338125
338934
339729
341458
342268
343064
344792
345602
346398
348127
348938
349739
351453
352262
353057
354791
355602
356397
358125
358935
359731
361460
362274
363079
364790
365601
366395
368122
368931
369727
371458
372274
373069
374794
375608
376408
378124
378938
379739
381457
382268
383065
384791
385605
386416
388128
388941
389748
391458
392281
393085
394792
395607
396413
398126
398939
399745
401457
402283
403086
404790
405604
406408
408126
408945
409762
411462
412295
413104
414797
415618
416436
418122
418943
419764
421460
422291
423134
424796
425615
426436
428130
428949
429767
431459
432298
433104
434789
435612
436432
438126
438947
439768
441462
442300
443105
444793
445613
446438
448126
448947
449769
451455
452288
453091
454795
455619
456441
458125
458943
459760
461458
462293
463100
464792
465617
466435
468125
468944
469770
471460
472292
473096
474794
475615
476431
478126
478943
479765
481463
482296
483100
484790
485612
486427
488127
488955
489772
491460
492291
493098
494795
495612
496428
498125
498951
499774
501458
502290
503100
504793
505613
506432
508129
508948
509763
511460
512299
513106
514794
515612
516430
518123
518948
519768
521462
522294
523104
524792
525612
526429
528126
528944
531224
532939
534466
535299
536103
537580
538401
539224
540685
541515
542331
543141
544842
545676
546491
548126
548944
549760
551457
552293
553097
554795
555623
556444
558125
558943
559760
561460
562298
563105
564792
565613
566434
568125
568946
569762
571461
572291
573095
574793
575618
576435
578127
578946
579765
581461
582294
583100
584789
585614
586434
588125
588944
589763
591458
592291
593095
594796
595612
596432
598126
598944
599765
601456
602287
603089
604794
605614
606432
608128
608951
609769
611460
612293
613096
614793
615611
616434
618123
618948
619767
621463
622295
623109
624790
625608
626425
628126
628945
629764
631460
632296
633101
634793
635612
636439
638127
638952
639768
641463
642299
643109
644794
645610
646435
648129
648946
649762
651457
652290
653097
654792
655616
656433
658126
658945
659765
661463
662297
663104
664793
665618
666438
668122
668939
669762
671459
672291
673095
674796
675617
676432
678127
678948
679764
681459
682292
683098
684789
685615
686435
688128
688954
689776
691460
692293
693102
694793
695612
696430
698126
698945
699767
701459
702290
703097
704796
705615
706433
708124
708949
709767
711460
712290
713100
714796
715614
716431
718123
718946
719762
721461
722292
723097
724794
725614
726432
728131
728948
729792
731456
732281
733090
734792
735609
736417
738125
738941
739748
741462
742283
743081
745005
745820
747238
748058
748863
749660
751179
751994
752806
754268
755087
755886
757347
758160
758967
759771
761506
762330
763136
764794
765615
766423
768121
768939
769748
771461
772279
773087
774792
775606
776413
778125
778938
779744
781459
782289
783095
784793
785607
786413
788125
788948
789757
791459
792281
793082
794792
795613
796426
798130
798943
799752
801455
802278
803082
804794
805611
806416
808124
808938
809749
811460
812283
813083
814791
815607
816413
818121
818941
819748
821458
822278
823083
824794
825611
826416
828127
828946
829754
831458
832283
833084
834788
835602
836411
838124
838966
839766
841456
842269
843063
844790
845599
846396
848124
848933
849729
851457
852268
853070
854791
855601
856396
858125
858935
859730
861458
862268
863064
864798
865607
866411
868119
868932
869726
871457
872266
873064
874790
875599
876394
878127
878936
879735
881458
882274
883076
884788
885598
886396
888124
888939
889733
891461
892270
893074
894791
895609
896410
898126
898941
899736
901454
902265
903061
904796
905621
906431
908126
908938
909743
911458
912279
913083
914794
915608
916414
918125
918938
919742
921460
922285
923085
924792
925606
926412
928125
928945
929751
931462
932281
933085
934788
935611
936422
938124
938939
939747
941457
942280
943081
944794
945613
946420
948126
948947
949758
951454
952273
953077
954791
955615
956429
958129
958948
959755
961457
962277
963078
964791
965607
966413
968120
968933
969743
971460
972280
973083
974794
975610
976420
978124
978942
979756
981458
982279
983077
984791
985608
986418
988124
988938
989743
991458
992283
993082
994791
995604
996410
998127
998945
999755
1455
2275
3076
4795
5613
6425
8126
8939
9751
11462
12298
13110
14793
15612
16428
18129
18953
19769
21459
22289
23099
24795
25614
26440
28125
28947
29763
31459
32291
33096
34789
35611
36432
38131
38950
39769
41461
42298
43102
44794
45612
46434
48126
48947
49772
51460
52292
53096
54793
55619
56440
58125
58944
59762
61461
62294
63099
64796
65619
66434
68122
68946
69766
71460
72290
73096
74792
75612
76430
78129
78952
79775
81458
82290
83096
84787
85608
86463
88127
88948
89764
91463
92299
93107
94793
95612
96429
98125
98952
99773
101456
102292
103101
104796
105614
106434
108126
108945
109762
111459
112291
113098
114794
115613
116431
118125
118946
119762
121460
122295
123102
124793
125614
126437
128126
128943
129762
131463
132295
133101
134788
135613
136434
138126
138944
139758
141460
142292
143095
144796
145621
146442
148126
148945
149767
151456
152287
153092
154792
155612
156429
158129
158945
159769
161460
162292
163094
164793
165613
166429
168122
168945
169764
171461
172292
173105
174792
175613
176432
178126
178948
179772
181461
182293
183106
184794
185613
186430
188127
188952
189770
191459
192295
193101
194794
195612
196429
198129
198952
199767
201456
202289
203100
204793
205614
206431
208125
208943
209764
211463
212300
213103
214794
215622
216447
218122
218941
219760
221460
222296
223100
224794
225614
226436
228126
228946
229763
231459
232289
233094
234790
235613
236431
238128
238948
239770
241460
242295
243102
244792
245615
246434
248126
248946
249770
251457
252290
253095
254796
255613
256430
258125
258946
259770
261459
262290
263098
264792
265612
266430
268127
268953
269772
271461
272294
273099
274793
275612
276430
278127
278949
279767
281463
282292
283102
284789
285608
286422
288126
288946
289766
291460
292297
293103
294797
295618
296437
298125
298946
299762
301458
302295
303099
304793
305612
306438
308128
308945
309760
311461
312294
313101
314793
315618
316440
318124
318943
319762
321462
322298
323102
324793
325618
326438
328127
328943
329769
331460
332290
333094
334793
335616
336434
338127
338945
339761
341459
342291
343096
344793
345616
346435
348129
348955
349775
351455
352285
353095
354794
355614
356432
358126
358945
359795
361463
362283
363083
364791
365613
366427
368123
368938
369743
371459
372282
373085
374795
375610
376418
378124
378937
379752
381459
382279
383079
384788
385602
386417
388128
388942
389749
391457
392279
393088
394791
395606
396414
398125
398943
399751
401458
402284
403083
404792
405607
406414
408124
408948
409757
411458
412278
413078
414795
415613
416419
418121
418935
419742
421459
422282
423087
424792
425607
426414
428127
428946
429758
431458
432282
433081
434787
435607
436419
438126
438942
439749
441462
442282
443087
444793
445607
446416
448127
448940
449753
451454
452274
453075
454794
455608
456416
458124
458945
459757
461459
462280
463080
464791
465608
466416
468124
468964
469759
471456
472265
473068
474792
475611
476411
478124
478940
479737
481461
482271
483067
484787
485596
486394
488124
488937
489740
491458
492266
493063
494793
495604
496402
498124
498934
499733
501455
502270
503073
504790
505605
506401
508127
508937
509733
511458
512267
513062
514791
515611
516415
518118
518937
519739
521459
522270
523066
524790
525599
526394
528124
528938
529742
531458
532273
533068
534790
535611
536415
538123
538937
539748
541459
542287
543086
544792
545605
546413
548128
548944
549753
551455
552273
553081
555657
557524
558345
559145
561025
561840
562647
564111
564939
565740
566568
568230
569052
569873
571504
572318
573125
574791
575616
576427
578128
578948
579753
581462
582283
583085
584789
585610
586421
588124
588937
589743
591459
592283
593082
594795
595608
596416
598126
598941
599752
601454
602276
603075
604792
605611
606421
608129
608946
609751
611457
612283
613086
614791
615606
616412
618121
618938
619749
621461
622283
623088
624791
625604
626416
628124
628938
629743
631460
632281
633087
634792
635605
636412
638127
638942
639748
641459
642294
643097
644792
645608
646431
648130
648952
649773
651455
652290
653092
654792
655613
656431
658127
658947
659769
661460
662292
663096
664797
665623
666439
668122
668939
669761
671459
672292
673101
674793
675614
676432
678129
678952
679769
681458
682290
683093
684790
685608
686423
688125
688948
689763
691462
692294
693103
694792
695612
696430
698126
698953
699770
701455
702291
703099
704792
705609
706426
708127
708945
709762
711459
712292
713094
714793
715613
716435
718126
718944
719760
721460
722299
723104
724795
725613
726432
728126
728944
729760
731463
732294
733099
734789
735608
736428
738126
738943
739796
741463
742296
743104
744792
745613
746434
748128
748943
749765
751456
752289
753093
754793
755612
756429
758129
758947
759768
761459
762289
763093
764793
765615
766434
768122
768943
769764
771465
772294
773103
774793
775612
776428
778126
778945
779769
781459
782292
783105
784792
785612
786429
788126
788947
789767
791459
792296
793103
794793
795610
796433
798129
798953
799769
801456
802287
803094
804793
805613
806438
808126
808948
809764
811463
812302
813109
814793
815616
816437
818122
818944
819763
821459
822294
823098
824796
825620
826440
828125
828944
829761
831460
832292
833095
834789
835614
836435
838126
838947
839765
841460
842295
843099
844793
845612
846428
848127
848950
849770
851459
852289
853093
854792
855613
856430
858126
858948
859770
861457
862289
863094
864793
865613
866429
868127
868946
869766
871460
872291
873098
874791
875609
876426
878128
878953
879770
881461
882297
883107
884788
885606
886425
888126
888945
889762
891460
